#name	chrom	strand	txStart	txEnd	cdsStart	cdsEnd	exonCount	exonStarts	exonEnds	proteinID	alignID
AF007118	chr21	-	9929046	10013188	9929210	9996039	24	9929046,9931130,9932612,9936668,9938675,9942389,9944239,9956157,9956344,9957242,9964213,9965016,9965226,9966973,9973571,9975218,9982046,9991380,9992314,9993597,9996028,10007350,10010074,10013068,	9929346,9931201,9932705,9936748,9938781,9942470,9944301,9956246,9956426,9957303,9964278,9965080,9965326,9967093,9973733,9975269,9982106,9991434,9992368,9993651,9996082,10007408,10010183,10013188,	TPTE_HUMAN	38279
BC028719	chr21	-	9929046	10013226	9929210	9996039	23	9929046,9931130,9932612,9936668,9938675,9942389,9944239,9956157,9956344,9957242,9964213,9965016,9965226,9966973,9973571,9975218,9982046,9992314,9993597,9996028,10007350,10010074,10013068,	9929346,9931201,9932705,9936748,9938781,9942470,9944301,9956246,9956426,9957303,9964278,9965080,9965326,9967093,9973733,9975269,9982106,9992368,9993651,9996082,10007408,10010183,10013226,	Q8NCS8	18026
AF339514	chr21	-	10043149	10120787	10071898	10120579	10	10043149,10043417,10049030,10051909,10061055,10069808,10071777,10080487,10119407,10120564,	10043225,10043519,10049147,10052029,10061757,10069923,10071949,10080650,10119508,10120787,	BGE3_HUMAN	2916
AF339515	chr21	-	10043149	10120787	10119403	10120599	9	10043149,10043417,10049030,10061055,10069808,10071777,10080487,10119403,10120585,	10043225,10043519,10049147,10061757,10069923,10071949,10080651,10119509,10120787,	BGE4_HUMAN	2917
AF339516	chr21	-	10043149	10120787	10119404	10120599	9	10043149,10043417,10049030,10061055,10069808,10071777,10080487,10119404,10120585,	10043225,10043519,10049147,10061757,10069923,10071949,10080651,10119509,10120787,	BGE5_HUMAN	2918
NM_001187	chr21	-	10080122	10120799	10119404	10120599	5	10080122,10082050,10111591,10119404,10120585,	10080650,10082142,10111603,10119509,10120799,	BGE1_HUMAN	dna26
AF427490	chr21	+	13336975	13346203	13339428	13346095	4	13336975,13339354,13343156,13345987,	13337144,13339462,13343221,13346203,	CU99_HUMAN	4308
AF269088	chr21	-	13679067	13721967	13679067	13721967	18	13679067,13680473,13681914,13687737,13687908,13690159,13693161,13693548,13699372,13702511,13707787,13707953,13715791,13717318,13720337,13720503,13721771,13721936,	13679352,13680637,13682128,13687810,13687937,13690249,13693223,13693627,13699445,13702542,13707860,13707982,13715882,13717380,13720410,13720532,13721844,13721967,	Q9BXX2	28038
AY172978	chr21	+	13904368	13935777	13904420	13935758	11	13904368,13909314,13909588,13912540,13914349,13916996,13922573,13924047,13925132,13933706,13935536,	13904941,13909429,13909762,13912647,13914487,13917067,13922644,13924092,13925299,13933830,13935777,	POTE_HUMAN	10231
AY040090	chr21	-	14137333	14142556	14137333	14138253	6	14137333,14138213,14139196,14140204,14140950,14142281,	14137624,14138327,14139466,14140333,14141141,14142556,	CU15_HUMAN	4275
AF426257	chr21	-	14237955	14274631	14248275	14274096	6	14237955,14239230,14245258,14245423,14248257,14273893,	14238054,14239301,14245331,14245452,14248342,14274631,	CU81_HUMAN	4296
AK091331	chr21	+	14510349	14522558	14518639	14521485	5	14510349,14513744,14515288,14518629,14521071,	14510474,14513917,14515361,14518729,14522558,	Q8NBA1	17546
AF519623	chr21	+	14510357	14522365	14510357	14521485	4	14510357,14515288,14518629,14521071,	14510474,14515361,14518729,14522365,	Q8NFF6	18849
BC030196	chr21	+	14510369	14522564	14510378	14521485	5	14510369,14513754,14515288,14518629,14521071,	14510474,14513917,14515361,14518729,14522564,	RBMB_HUMAN	36518
AY063515	chr21	+	14568071	14593882	14568283	14582742	6	14568071,14573787,14581741,14582595,14585656,14593629,	14568349,14573849,14581889,14585648,14585939,14593882,	ABCD_HUMAN	2080
AF518320	chr21	+	14568134	14593882	14568283	14593857	6	14568134,14568332,14581741,14582595,14585761,14593629,	14568307,14568349,14581889,14582738,14585939,14593882,	Q8N6A5	15926
AF518321	chr21	+	14568135	14585591	14568283	14585568	5	14568135,14573787,14581741,14582595,14585477,	14568349,14573849,14581889,14582738,14585591,	Q8N6A4	15925
BC036370	chr21	-	14665306	14677341	14667813	14677316	5	14665306,14669843,14672390,14675394,14677286,	14668476,14670011,14672604,14675735,14677341,	Q8NE40	18438
U04735	chr21	-	14667032	14677347	14667808	14677311	5	14667032,14669843,14672390,14675394,14677286,	14668476,14670011,14672604,14675735,14677347,	STCH_HUMAN	37642
AF218085	chr21	-	14779424	14877594	14780103	14876588	9	14779424,14792633,14794720,14804501,14806635,14811083,14815341,14876327,14877511,	14780306,14792784,14794927,14804653,14806765,14811233,14815413,14876680,14877594,	SSN1_HUMAN	37591
X84373	chr21	-	15255431	15262670	15258907	15262384	2	15255431,15256216,	15256208,15262670,	RI14_HUMAN	36654
AF130090	chr21	+	15344380	15346571	15344901	15345111	1	15344380,	15346571,	Q9H386	29129
AF170562	chr21	+	16024214	16174248	16024583	16172665	25	16024214,16057080,16060186,16072093,16085691,16093946,16099310,16102998,16105326,16112887,16118228,16119155,16120393,16121166,16124720,16125590,16127537,16136587,16143966,16158457,16160455,16164257,16168592,16171985,16172492,	16024628,16057158,16060331,16072217,16085854,16094033,16099448,16103075,16105400,16113036,16118356,16119251,16120555,16121393,16124791,16125819,16127738,16136730,16144062,16158636,16160534,16164337,16168716,16172181,16174248,	UB25_HUMAN	38500
BC015930	chr21	+	16024524	16173097	16024583	16172665	11	16024524,16057080,16060186,16072093,16085691,16093946,16099310,16164257,16168592,16171985,16172492,	16024628,16057158,16060331,16072217,16085854,16094033,16099448,16164337,16168716,16172181,16173097,	Q96B65	22345
AK022447	chr21	+	16120418	16173086	16121296	16172665	12	16120418,16121166,16124720,16125590,16127537,16136587,16158457,16160455,16164257,16168592,16171985,16172492,	16120555,16121393,16124791,16125819,16127738,16136730,16158636,16160534,16164337,16168716,16172181,16173086,	Q9HA22	30791
AF486622	chr21	+	16365423	16901299	16365423	16475810	7	16365423,16475781,16525246,16685804,16781680,16831569,16901184,	16365589,16475878,16525306,16685876,16781729,16831630,16901299,	Q8TDA7	20054
BC003684	chr21	+	17807217	17861165	17807318	17859881	7	17807217,17841215,17845937,17853164,17854890,17855526,17859616,	17807361,17841382,17846142,17853320,17855013,17855665,17861165,	CXAR_HUMAN	4334
AF124598	chr21	+	17807318	17859800	17807318	17859800	7	17807318,17841215,17845937,17853164,17854890,17855526,17859616,	17807361,17841382,17846142,17853320,17855013,17855665,17859800,	Q9UKV4	35121
AY072910	chr21	+	17807318	17859676	17807318	17859676	3	17807318,17841215,17859616,	17807361,17841382,17859676,	Q8WWT8	21302
AY072911	chr21	+	17807318	17859804	17807318	17859804	4	17807318,17841215,17845937,17859616,	17807361,17841382,17846142,17859804,	Q8WWT7	21301
AY072912	chr21	+	17807318	17859804	17807318	17859804	5	17807318,17841215,17845937,17853164,17859616,	17807361,17841382,17846142,17853320,17859804,	Q8WWT6	21300
BC011957	chr21	-	17887844	17907033	17888281	17903333	6	17887844,17892805,17898333,17899048,17903160,17906887,	17888521,17893013,17898465,17899186,17903341,17907033,	BTG3_HUMAN	3030
AK023825	chr21	-	18083162	18113539	18090941	18112506	5	18083162,18089395,18090769,18112379,18113490,	18087769,18089458,18091306,18112513,18113539,	EURL_HUMAN	5027
BC015468	chr21	-	18086991	18113513	18087625	18113506	5	18086991,18089395,18090769,18112379,18113490,	18087766,18089458,18091306,18112513,18113513,	Q96BK9	22443
AF257472	chr21	+	18539020	18561558	18539411	18560226	6	18539020,18550696,18551157,18554387,18556978,18560141,	18539490,18551006,18551315,18554474,18557081,18561558,	CHOD_HUMAN	3719
U09860	chr21	-	18563560	18697844	18564156	18697810	25	18563560,18569384,18573151,18575227,18588457,18588790,18591921,18607132,18609333,18620619,18623356,18626271,18635600,18637693,18638142,18647090,18647910,18653944,18659327,18666380,18673470,18677814,18692066,18692386,18697665,	18564312,18569524,18573247,18575409,18588632,18588840,18592017,18607265,18609444,18620760,18623482,18626361,18635736,18637844,18638248,18647240,18648051,18654051,18659436,18666512,18673506,18677966,18692134,18692517,18697844,	ENTK_HUMAN	4946
U75330	chr21	+	21292692	21834285	21292752	21832149	18	21292692,21574768,21578384,21580459,21586294,21618573,21629695,21632579,21668053,21704464,21712663,21726298,21760797,21762853,21771482,21803042,21828728,21832037,	21292807,21574843,21578591,21580603,21586432,21618691,21629856,21632725,21668204,21704652,21712760,21726472,21760917,21762975,21771663,21803247,21828848,21834285,	NCM2_HUMAN	7629
AY077696	chr21	+	22392805	22410717	22403656	22409026	6	22392805,22403638,22405959,22408948,22409166,22410524,	22392905,22403742,22406015,22409087,22409301,22410717,	Q8TCZ7	19997
AY035383	chr21	-	25680008	25725883	25724083	25725497	5	25680008,25714889,25718735,25723947,25725359,	25680521,25714982,25718831,25724191,25725883,	CU42_HUMAN	4280
AK000458	chr21	-	25879837	25901663	25879888	25900670	10	25879837,25883016,25886993,25888074,25891483,25893980,25895549,25897977,25900630,25901584,	25879936,25883064,25887147,25888140,25891596,25894048,25895649,25898117,25900837,25901663,	RM39_HUMAN	36731
BC004896	chr21	-	25879837	25901646	25879897	25901646	10	25879837,25883016,25886993,25888074,25891483,25893980,25895549,25897977,25900630,25901584,	25879936,25883064,25887147,25888140,25891596,25894048,25895649,25898117,25900837,25901646,	AAH04896	677
AY016009	chr21	+	25933769	26009104	25934003	26008854	10	25933769,25978064,25984047,25987937,25992858,25996351,26000160,26003615,26006521,26008821,	25934070,25978130,25984155,25988090,25993061,25996451,26000268,26003631,26006564,26009104,	JAM2_HUMAN	6493
BC001178	chr21	-	26018725	26029854	26018820	26023975	4	26018725,26019406,26023811,26029169,	26018858,26019531,26023982,26029854,	ATPR_HUMAN	2602
BC035031	chr21	+	26029568	26066212	26035774	26063408	10	26029568,26035753,26039390,26043216,26046169,26052190,26056492,26058390,26058775,26063184,	26029759,26035856,26039535,26043301,26046415,26052385,26056546,26058531,26058968,26066212,	Q8IYS3	13837
D13318	chr21	+	26029593	26063636	26035779	26063413	10	26029593,26035753,26039390,26043216,26046169,26052190,26056492,26058390,26058775,26063184,	26029759,26035856,26039535,26043301,26046415,26052385,26056546,26058531,26058968,26063636,	GABA_HUMAN	5420
X06989	chr21	-	26175082	26464926	26175850	26464808	17	26175082,26185903,26191754,26199205,26205922,26248773,26249810,26269252,26270136,26276526,26294199,26316025,26345185,26347421,26384128,26406165,26464751,	26175952,26186050,26191855,26199259,26206144,26248873,26249939,26269411,26270211,26276660,26294367,26316228,26345379,26347534,26384258,26406333,26464926,	A4_HUMAN	165
AB066441	chr21	-	26191748	26191855	26191748	26191855	1	26191748,	26191855,	Q8WZ99	21773
AF401639	chr21	-	26760537	26867198	26762689	26867129	4	26760537,26774460,26860454,26867056,	26762820,26774618,26860557,26867198,	CYY1_HUMAN	4388
BC036515	chr21	-	27130475	27139598	27131772	27139148	9	27130475,27132627,27133775,27134063,27134464,27135186,27136046,27136527,27138413,	27132467,27132803,27133951,27134250,27134751,27135354,27136179,27136874,27139598,	Q8NE26	18427
AF207664	chr21	-	27130475	27139585	27131767	27139143	9	27130475,27132627,27133775,27134063,27134464,27135186,27136046,27136527,27138413,	27132467,27132803,27133951,27134250,27134751,27135354,27136179,27136874,27139585,	ATS1_HUMAN	2608
AF142099	chr21	-	27215635	27260702	27218241	27260580	8	27215635,27224074,27226192,27227049,27228654,27237568,27248927,27259476,	27218809,27224250,27226368,27227233,27228938,27237736,27249060,27260702,	ATS5_HUMAN	2612
AF427489	chr21	+	28307570	28317143	28316919	28317108	2	28307570,28316885,	28307621,28317143,	CU94_HUMAN	4306
AY063458	chr21	+	28833509	28834547	28833551	28833719	2	28833509,28834244,	28834076,28834547,	CUA0_HUMAN	4309
AF139682	chr21	-	29170344	29179563	29170576	29179537	6	29170344,29172383,29174061,29176351,29177176,29179403,	29170683,29172525,29174145,29176442,29177263,29179563,	N6M1_HUMAN	7570
BC011554	chr21	-	29170386	29179546	29170576	29179537	5	29170386,29172383,29176351,29177176,29179403,	29170683,29172525,29176442,29177263,29179546,	Q96F73	23347
AB018257	chr21	-	29222335	29260721	29224639	29260721	21	29222335,29225346,29226661,29229300,29230717,29235411,29237453,29237858,29238574,29239998,29240343,29241655,29246351,29247408,29250953,29251523,29252577,29253649,29254708,29260056,29260561,	29224702,29225514,29226856,29229521,29230889,29235598,29237528,29238096,29238788,29240143,29240479,29241798,29246456,29247568,29251140,29251668,29252731,29253889,29254898,29260098,29260721,	Z294_HUMAN	39093
BC012546	chr21	-	29299948	29313518	29300606	29313467	5	29299948,29301950,29302429,29302584,29313400,	29300841,29302313,29302497,29302811,29313518,	CU06_HUMAN	4271
AF126736	chr21	+	29318880	29348680	29322103	29348377	18	29318880,29322062,29324784,29329026,29330460,29331465,29332524,29333215,29333670,29334798,29336202,29336661,29337612,29340856,29342950,29344281,29347991,29348255,	29318967,29322164,29324963,29329130,29330564,29331653,29332620,29333346,29333758,29334877,29336294,29336718,29337789,29341511,29343045,29344368,29348148,29348680,	UB16_HUMAN	38493
AF113219	chr21	+	29330530	29348678	29331554	29348377	14	29330530,29331465,29332524,29333215,29333670,29334798,29336202,29336661,29337612,29340856,29342950,29344281,29347991,29348255,	29330564,29331653,29332620,29333346,29333758,29334877,29336294,29336718,29337789,29341511,29343045,29344368,29348148,29348678,	Q9H3E6	29181
BC012584	chr21	-	29350515	29366409	29350664	29362274	15	29350515,29353310,29354022,29354265,29354897,29355097,29355259,29356124,29357741,29359489,29359664,29360329,29362196,29363020,29366279,	29350742,29353430,29354187,29354337,29355013,29355185,29355326,29356303,29357879,29359551,29359845,29360479,29362276,29363111,29366409,	Q7Z759	11640
D13627	chr21	-	29350518	29366392	29350664	29366364	15	29350518,29353310,29354022,29354265,29354897,29355097,29355259,29356124,29357741,29359489,29359664,29360329,29362196,29363022,29366304,	29350742,29353430,29354187,29354337,29355013,29355185,29355326,29356303,29357879,29359551,29359845,29360479,29362278,29363111,29366392,	TCPQ_HUMAN	37972
BC005220	chr21	-	29365043	29366463	29366280	29366364	1	29365043,	29366463,	Q9BS88	26843
AF269162	chr21	+	29370406	29468654	29378634	29423615	10	29370406,29378586,29384274,29384441,29385212,29423568,29426079,29441962,29452713,29467478,	29370487,29378691,29384350,29384535,29385355,29423697,29426188,29442024,29452829,29468654,	CU07_HUMAN	4272
AY171599	chr21	+	29373325	29468650	29378634	29467659	9	29373325,29377845,29378586,29384274,29384441,29385212,29441962,29452713,29467478,	29373482,29377917,29378691,29384350,29384535,29385355,29442024,29452829,29468650,	AAO16519	2058
AL713701	chr21	+	29423450	29468639	29426118	29467659	5	29423450,29426079,29441962,29452713,29467478,	29423697,29426188,29442024,29452829,29468639,	Q8TCL9	19908
AF490769	chr21	+	29486246	29580972	29486922	29521778	4	29486246,29486882,29521727,29580750,	29486477,29487027,29521793,29580972,	CUA9_HUMAN	4310
AB002803	chr21	+	29591661	29638752	29614047	29635600	6	29591661,29613987,29618825,29622253,29635165,29637408,	29591720,29614281,29620160,29622460,29637402,29638752,	BAC1_HUMAN	2819
AF317902	chr21	+	29644400	29654661	29644400	29644496	4	29644400,29645345,29653797,29654318,	29644580,29645430,29654010,29654661,	Q9BXM4	27996
AJ249208	chr21	-	29829968	30232389	29829996	30232264	16	29829968,29847818,29854390,29869729,29874190,29880131,29881604,29883877,29891595,29935591,29943883,29947575,29965748,29982493,29986660,30232146,	29830152,29848069,29854616,29869947,29874309,29880355,29881808,29883991,29891703,29935735,29944057,29947629,29965930,29982751,29986828,30232389,	Q86SU9	11741
L19058	chr21	-	29846311	30232676	29846321	30232264	17	29846311,29847818,29854390,29869729,29874190,29880131,29881604,29883877,29889291,29891595,29935591,29943883,29947575,29965748,29982493,29986660,30232146,	29846471,29848069,29854616,29869947,29874309,29880355,29881808,29883991,29889336,29891703,29935735,29944057,29947629,29965930,29982751,29986828,30232676,	GLK1_HUMAN	5643
AY081145	chr21	+	29888805	29923513	29889117	29889240	3	29888805,29890335,29923304,	29889544,29890460,29923513,	CU41_HUMAN	4279
AY077697	chr21	+	30041702	30056757	30051619	30051730	3	30041702,30051595,30056342,	30041910,30051775,30056757,	Q8TCZ6	19996
NM_012131	chr21	-	30458706	30459381	30458706	30459381	1	30458706,	30459381,	CLDH_HUMAN	dna355
BC020866	chr21	-	30506770	30508798	30508011	30508689	2	30506770,30507976,	30507752,30508798,	CLD8_HUMAN	3821
AJ457066	chr21	+	30688969	30689586	30688969	30689369	1	30688969,	30689586,	K131_HUMAN	6517
AJ457067	chr21	-	30772463	30773078	30772809	30773078	1	30772463,	30773078,	K191_HUMAN	6521
AJ457064	chr21	-	31105460	31106016	31105792	31105984	1	31105460,	31106016,	KR81_HUMAN	6813
AJ457063	chr21	-	31121802	31122373	31122198	31122373	1	31121802,	31122373,	KR71_HUMAN	6812
AJ457065	chr21	-	31173408	31174320	31173797	31174289	1	31173408,	31174320,	K111_HUMAN	6515
U16296	chr21	-	31221540	31851736	31413131	31559734	32	31221540,31237012,31237039,31412926,31417285,31419828,31422976,31423653,31428696,31433881,31434088,31439658,31445399,31445829,31447010,31457724,31475183,31479762,31487985,31495669,31502806,31506159,31510314,31516167,31518487,31538249,31544503,31558771,31569493,31632003,31756741,31851685,	31221554,31237031,31237043,31413601,31417458,31419916,31423079,31423712,31428805,31434000,31434268,31439767,31445525,31445898,31447190,31457828,31475408,31479849,31488067,31495774,31502977,31506234,31510461,31516353,31518712,31538422,31544951,31559745,31569670,31632183,31756794,31851736,	TIAM_HUMAN	38115
X02317	chr21	+	31952414	31961632	31952478	31961287	5	31952414,31956498,31959157,31959966,31961179,	31952550,31956595,31959227,31960084,31961632,	SODC_HUMAN	37462
AF023142	chr21	-	31963708	32024419	31964107	32024419	22	31963708,31964107,31977766,31977826,31978106,31978276,31981015,31983505,31984525,31985057,31986002,31986912,31987521,31988821,31989277,31993703,31994484,31994952,31996473,31998131,31998982,32024371,	31964100,31965064,31977818,31977949,31978193,31978442,31981173,31983662,31984639,31985158,31986193,31986998,31987689,31988930,31989459,31993880,31994627,31995088,31996635,31998176,31999066,32024419,	SRA4_HUMAN	37563
AL834304	chr21	-	31963891	32024607	31964107	32024607	20	31963891,31977757,31978106,31978276,31981015,31983505,31984525,31985057,31986002,31986912,31987521,31988821,31989277,31993703,31994484,31994952,31996473,31998131,31998982,32024371,	31965063,31977883,31978193,31978442,31981173,31983662,31984639,31985158,31986193,31986998,31987689,31988930,31989459,31993880,31994627,31995088,31996635,31998176,31999066,32024607,	Q8N3I8	15094
AJ271722	chr21	+	32166023	32296773	32166383	32291893	11	32166023,32217175,32232872,32238743,32251550,32260957,32267262,32276234,32282837,32288476,32291234,	32166644,32217468,32232928,32238879,32251678,32261093,32267425,32276318,32282885,32288657,32296773,	HUNK_HUMAN	6090
BC042917	chr21	-	32561640	32571748	32561743	32571721	5	32561640,32562413,32563113,32567536,32571387,	32561824,32562510,32563236,32567603,32571748,	CU45_HUMAN	4281
AF454915	chr21	+	32584519	32604989	32591678	32604703	5	32584519,32585699,32591668,32599346,32604390,	32584556,32585839,32591784,32599446,32604989,	FALP_HUMAN	5099
AF231919	chr21	-	32603725	32685546	32607624	32685546	39	32603725,32609172,32610382,32611922,32613236,32614506,32615183,32617196,32617934,32626021,32626867,32629798,32630108,32631411,32634170,32637274,32638078,32639660,32642008,32643408,32645414,32646637,32647563,32648153,32650241,32652500,32653711,32654596,32655860,32659322,32661107,32665211,32666351,32668102,32671149,32676126,32677017,32678249,32685473,	32607806,32609772,32610624,32612120,32613346,32614650,32615290,32617308,32618095,32626124,32627039,32629862,32630219,32631605,32634229,32637461,32638280,32640516,32642188,32643627,32645611,32646808,32647702,32648270,32650361,32652613,32653828,32654726,32656034,32659460,32661303,32665336,32666477,32668188,32671246,32676259,32677169,32678389,32685546,	Y539_HUMAN	38914
BC007928	chr21	+	32685837	32686665	32685927	32686113	1	32685837,	32686665,	CUB9_HUMAN	4311
BC038710	chr21	+	32705405	32808090	32705557	32807896	8	32705405,32746015,32750300,32760399,32787732,32794120,32796631,32807519,	32705717,32746212,32750424,32760552,32787876,32794192,32796721,32808090,	Q8IXZ0	13575
AF358258	chr21	+	32705557	32807896	32705557	32807896	8	32705557,32746015,32750300,32760399,32787732,32794120,32796631,32807519,	32705717,32746212,32750424,32760552,32787876,32794201,32796721,32807896,	CU63_HUMAN	4291
AK001794	chr21	-	32864944	32868587	32868166	32868547	4	32864944,32865989,32866801,32867281,	32865301,32866074,32866830,32868587,	Q9NV44	32376
AF115967	chr21	-	32869257	32878212	32869479	32877010	5	32869257,32871399,32874905,32876866,32878126,	32869629,32871537,32875121,32877011,32878212,	TCPL_HUMAN	37971
BC000709	chr21	-	32894490	32905067	32894577	32904958	7	32894490,32894977,32895866,32896830,32900354,32902543,32904810,	32894679,32895073,32895998,32896989,32900422,32902711,32905067,	CU59_HUMAN	4289
AK000474	chr21	-	32894490	32905309	32896879	32904949	6	32894490,32894977,32895866,32896830,32902543,32904810,	32894679,32895073,32895998,32896989,32902711,32905309,	Q9NX33	32929
AK055328	chr21	-	32894515	32905292	32895794	32904949	6	32894515,32896830,32900354,32902543,32904810,32905005,	32895998,32896989,32900422,32902711,32904964,32905292,	Q96NJ2	25460
AK094456	chr21	-	32894515	32897219	32895794	32897007	2	32894515,32896830,	32895998,32897219,	Q8N9H5	16945
AB020717	chr21	-	32921468	33020630	32927569	33020630	33	32921468,32927566,32931613,32932376,32934601,32934800,32937673,32938351,32938463,32939098,32942889,32945993,32949392,32949708,32950421,32957618,32958648,32959138,32962993,32966045,32969037,32971350,32974201,32976743,32978453,32979683,32981011,32986933,32987762,32992543,32994666,33019478,33020543,	32924507,32927590,32931831,32932485,32934672,32934839,32937712,32938415,32938495,32939308,32943052,32946072,32949608,32949826,32950578,32957777,32958841,32959279,32963078,32966237,32969061,32971507,32974354,32976825,32978623,32979780,32981073,32987017,32987988,32992811,32994753,33019624,33020630,	O94984	9240
AF009039	chr21	-	32923695	33020673	32927569	33019602	33	32923695,32927566,32931613,32932376,32934601,32934800,32936115,32937673,32938351,32939098,32942889,32945993,32949392,32949708,32950421,32957618,32958648,32959138,32962993,32966045,32969037,32971350,32974201,32976743,32978453,32979683,32981011,32986933,32987762,32992543,32994666,33019478,33020652,	32924507,32927590,32931831,32932485,32934672,32934839,32936163,32937712,32938495,32939308,32943052,32946072,32949608,32949826,32950578,32957777,32958841,32959279,32963078,32966237,32969061,32971507,32974354,32976825,32978623,32979780,32981073,32987017,32987988,32992811,32994753,33019624,33020673,	SYJ1_HUMAN	37771
AF208862	chr21	-	33026605	33036007	33027656	33030933	4	33026605,33029960,33030879,33035954,	33027774,33030115,33031026,33036007,	Q9NZD7	33390
AK075042	chr21	-	33026606	33038409	33027656	33038401	7	33026606,33029960,33030879,33035954,33036384,33037498,33038280,	33027774,33030115,33031026,33036021,33036461,33037620,33038409,	Q8N2J1	14780
AJ279080	chr21	-	33027526	33064394	33027656	33064375	18	33027526,33029960,33030879,33035954,33036384,33037498,33038280,33041205,33043623,33043825,33047936,33051786,33052483,33053765,33054802,33057054,33062520,33064032,	33027774,33030115,33031026,33036021,33036461,33037620,33038425,33041405,33043739,33043925,33048060,33051976,33052701,33053869,33055024,33057231,33062649,33064394,	GCFC_HUMAN	5510
AJ279081	chr21	-	33027526	33064394	33043913	33064375	18	33027526,33029960,33030879,33035954,33036384,33037498,33038280,33041205,33043623,33043825,33047919,33051786,33052483,33053765,33054802,33057054,33062520,33064032,	33027774,33030115,33031026,33036021,33036461,33037620,33038425,33041405,33043739,33043925,33048060,33051976,33052701,33053869,33055024,33057231,33062649,33064394,	Q96DU8	23016
BC030539	chr21	-	33052281	33064499	33052479	33064375	6	33052281,33053765,33054802,33057054,33062520,33064032,	33052701,33053869,33055024,33057231,33062649,33064499,	Q8N6E6	15962
BC034794	chr21	+	33064831	33090412	33064831	33064975	2	33064831,33089643,	33064979,33090412,	Q8NE46	18444
BC004959	chr21	-	33083379	33083873	33083637	33083703	1	33083379,	33083873,	Q9BSL5	26931
AF231922	chr21	-	33086270	33106354	33086383	33087127	3	33086270,33103278,33106296,	33087191,33103359,33106354,	CU62_HUMAN	4290
AF221520	chr21	+	33318687	33321896	33318687	33320537	2	33318687,33319503,	33318729,33321896,	OLG2_HUMAN	9615
BC033290	chr21	+	33362844	33365121	33362947	33363763	1	33362844,	33365121,	OLG1_HUMAN	9614
BC002793	chr21	+	33522600	33555457	33534613	33555407	9	33522600,33534585,33536372,33537650,33539417,33541408,33545361,33553296,33555260,	33522916,33534677,33536414,33537774,33539590,33541554,33545530,33553427,33555457,	Q9BUA0	27337
L41944	chr21	+	33522673	33557225	33534622	33555416	9	33522673,33534539,33536372,33537650,33539417,33541408,33545361,33553296,33555260,	33522916,33534677,33536414,33537774,33539590,33541554,33545530,33553427,33557225,	INR2_HUMAN	6379
X89814	chr21	+	33522835	33557225	33534622	33555503	8	33522835,33534539,33536372,33537650,33539417,33541408,33545361,33555492,	33522916,33534677,33536414,33537774,33539590,33541554,33545530,33557225,	Q15467	11150
Z17227	chr21	+	33559122	33589915	33559165	33589057	7	33559122,33561093,33569295,33572451,33575793,33580803,33588883,	33559214,33561217,33569453,33572618,33575941,33580961,33589915,	I10S_HUMAN	6132
J03171	chr21	+	33617677	33649251	33617755	33648250	11	33617677,33628224,33633699,33635968,33636235,33637946,33641791,33642089,33645458,33646338,33648016,	33617831,33628348,33633875,33636123,33636377,33638061,33641991,33642244,33645609,33646484,33649251,	INR1_HUMAN	6378
BC002590	chr21	+	33617688	33642251	33617746	33642251	8	33617688,33628224,33633699,33635968,33636235,33637946,33641791,33642089,	33617831,33628348,33633875,33636123,33636377,33638061,33641991,33642251,	AAH02590	538
U05875	chr21	+	33695596	33730215	33696244	33729664	7	33695596,33707589,33714181,33719585,33724878,33725415,33729529,	33696317,33707722,33714387,33719734,33725038,33725573,33730215,	INGS_HUMAN	6368
BC000569	chr21	-	33742909	33772628	33743528	33761596	7	33742909,33748428,33753114,33758043,33759711,33761488,33772539,	33743565,33748486,33753207,33758111,33759824,33761628,33772628,	CU14_HUMAN	4274
AF462153	chr21	-	33778231	33784175	33780928	33782095	3	33778231,33780531,33783767,	33778458,33782126,33784175,	CU55_HUMAN	4285
X54199	chr21	-	33796663	33834800	33796825	33832016	22	33796663,33797113,33798262,33798675,33802484,33803953,33809690,33810058,33813065,33813607,33814889,33817470,33820867,33821219,33821550,33823459,33824189,33825045,33827279,33827925,33831871,33834765,	33797017,33797229,33798404,33798806,33802622,33804160,33809843,33810310,33813264,33813717,33814984,33817702,33821036,33821305,33821638,33823585,33824258,33825157,33827454,33828021,33832057,33834800,	PUR2_HUMAN	10488
AF008655	chr21	-	33813223	33817530	33813305	33817530	4	33813223,33813607,33814889,33817470,	33813347,33813717,33814984,33817530,	O14660	8143
D32051	chr21	-	33816713	33834789	33817466	33832016	11	33816713,33820867,33821219,33821550,33823459,33824189,33825045,33827279,33827925,33831871,33834765,	33817702,33821036,33821305,33821638,33823585,33824258,33825157,33827454,33828021,33832057,33834789,	Q15374	11114
AF380183	chr21	+	33835764	33870182	33835793	33850252	13	33835764,33838913,33842176,33849856,33850246,33851930,33852287,33859857,33861671,33866008,33868296,33868478,33869118,	33835870,33839080,33848092,33850017,33850369,33852077,33852476,33859968,33861788,33866156,33868368,33868594,33870182,	SON_HUMAN	37468
AB028942	chr21	+	33843239	33853362	33843245	33853362	5	33843239,33849856,33851930,33852287,33852577,	33848092,33850017,33852077,33852476,33853362,	BAA82971	2732
BC002422	chr21	+	33843413	33847654	33843552	33847648	1	33843413,	33847654,	AAH02422	516
AL157441	chr21	-	33870605	33888166	33871007	33881342	13	33870605,33872050,33874002,33874651,33874865,33876188,33877290,33878678,33880222,33881021,33882541,33883862,33888056,	33871145,33872263,33874201,33874756,33874947,33876367,33877469,33878882,33880303,33881662,33882622,33884072,33888166,	DONS_HUMAN	4659
BC033023	chr21	-	33882041	33934409	33882527	33924257	13	33882041,33883862,33888431,33889980,33891850,33894934,33896104,33906238,33909406,33914696,33917383,33924186,33934381,	33882622,33883908,33888537,33890102,33891949,33895046,33896238,33906307,33909451,33914769,33917461,33924258,33934409,	QORL_HUMAN	36388
BC022827	chr21	-	33932445	33934422	33933904	33934422	3	33932445,33933879,33934381,	33932889,33934006,33934422,	Q8TBV9	19694
BC039036	chr21	+	33935194	34060508	34011528	34060508	11	33935194,34011496,34013877,34015287,34027743,34042842,34044509,34047996,34054621,34058573,34060411,	33935414,34011556,34013970,34015351,34027904,34043022,34044606,34048097,34054685,34058711,34060508,	Q8IWH9	13156
AF064244	chr21	+	33935340	34182973	34011528	34180999	40	33935340,34011496,34013877,34015287,34027743,34042842,34044509,34047996,34054621,34058573,34060411,34064759,34067427,34067666,34074159,34074692,34087039,34090077,34092506,34095128,34103673,34106611,34110965,34111939,34116185,34119516,34122322,34127005,34129139,34149434,34151384,34157849,34159931,34168052,34174941,34176248,34177739,34178137,34178985,34180850,	33935414,34011556,34013970,34015351,34027904,34043022,34044606,34048097,34054685,34058711,34060527,34065022,34067577,34067807,34074247,34074832,34087167,34090307,34092628,34095143,34103921,34106771,34111171,34112022,34116352,34119562,34122444,34127123,34129331,34149556,34151491,34158033,34160030,34168220,34175154,34176370,34177822,34178221,34179159,34182973,	ITN1_HUMAN	6481
AY138139	chr21	+	34111150	34122355	34111150	34122323	4	34111150,34111939,34119516,34122322,	34111171,34112022,34119562,34122355,	Q8IWU0	13242
BC022865	chr21	-	34196154	34208480	34196224	34208462	7	34196154,34196633,34200039,34201780,34204987,34207148,34208426,	34196338,34196720,34200152,34201910,34205098,34207199,34208480,	ATPO_HUMAN	2600
AY061855	chr21	+	34366217	34435729	34366395	34435295	3	34366217,34418035,34435102,	34366440,34418175,34435729,	RT06_HUMAN	36917
NM_006933	chr21	+	34387892	34390049	34387892	34390049	1	34387892,	34390049,	SL53_HUMAN	dna214
AF426258	chr21	+	34473372	34475941	34473479	34475588	2	34473372,34475403,	34473489,34475941,	CU82_HUMAN	4297
AF302095	chr21	+	34656717	34663839	34663172	34663544	2	34656717,34663160,	34656845,34663839,	MIR1_HUMAN	7274
AY081143	chr21	+	34668193	34695463	34672198	34694789	4	34668193,34672121,34692403,34694783,	34668261,34672210,34692592,34695463,	Q8TCY0	19984
AY081144	chr21	+	34668193	34695463	34672198	34678335	5	34668193,34672121,34678170,34692403,34694783,	34668261,34672210,34678337,34692592,34695463,	CU51_HUMAN	4284
BC036452	chr21	-	34739383	34752297	34742009	34742327	3	34739383,34751346,34752221,	34742377,34751429,34752297,	MINK_HUMAN	7271
NM_000219	chr21	-	34741937	34742345	34741937	34742327	1	34741937,	34742345,	MINK_HUMAN	dna136
U85267	chr21	-	34809176	34819585	34810776	34819442	4	34809176,34814191,34816229,34819355,	34810949,34814351,34816403,34819585,	CCP1_HUMAN	3442
AF303449	chr21	-	34907453	34907564	34907453	34907540	1	34907453,	34907564,	Q9H2A1	28919
AF448439	chr21	+	34962082	35010914	34962082	35009175	7	34962082,34998719,34999972,35000636,35001392,35002049,35009013,	34963456,34998773,35000082,35000762,35001499,35002231,35010914,	CLI6_HUMAN	3850
D43968	chr21	-	35080499	35181382	35084826	35179804	6	35080499,35091992,35127101,35152165,35173248,35179534,	35085302,35092154,35127293,35152270,35173405,35181382,	RUN1_HUMAN	36949
D10570	chr21	-	35113968	35180572	35114359	35179804	5	35113968,35127101,35152165,35173248,35179534,	35114388,35127293,35152270,35173405,35180572,	BAA01426	2672
X90980	chr21	-	35113971	35122612	35122567	35122612	2	35113971,35122543,	35114388,35122612,	Q15344	11105
D13979	chr21	-	35152165	35181382	35152165	35179804	3	35152165,35173248,35179534,	35152270,35173405,35181382,	MTG8_HUMAN	7466
AK024509	chr21	-	35330616	35332118	35331134	35331530	2	35330616,35331310,	35331304,35332118,	Q9H7H1	30042
AF338196	chr21	-	36190495	36191233	36190747	36191122	1	36190495,	36191233,	Q9BZ56	28203
AK001660	chr21	-	36327234	36353078	36328809	36351581	12	36327234,36328777,36330842,36333267,36334499,36336474,36338274,36341000,36346275,36349801,36351508,36353039,	36328653,36328944,36330966,36333348,36334581,36336649,36338704,36341089,36346313,36349897,36351617,36353078,	CU18_HUMAN	4276
BC036556	chr21	-	36327235	36353185	36328814	36350082	12	36327235,36330842,36333267,36334499,36336474,36338274,36341000,36346275,36349801,36350076,36351508,36353039,	36328944,36330966,36333348,36334581,36336649,36338704,36341089,36346313,36349897,36350170,36351666,36353185,	Q8NE19	18420
BC015640	chr21	+	36362717	36365857	36362799	36365566	3	36362717,36363642,36365138,	36363097,36363750,36365857,	DHCA_HUMAN	4549
BC002812	chr21	+	36427796	36439255	36427876	36439196	3	36427796,36430517,36438768,	36428174,36430625,36439255,	DHC3_HUMAN	4547
AJ000096	chr21	-	36430517	36430625	36430528	36430625	1	36430517,	36430625,	O60874	8809
AJ237839	chr21	+	36457233	36586570	36457426	36586264	37	36457233,36457400,36491762,36493023,36501407,36504245,36504666,36506773,36507134,36512064,36515923,36518257,36520378,36523142,36525496,36529954,36531293,36532457,36537740,36540209,36541072,36543854,36546464,36553369,36556238,36556440,36562705,36569713,36570667,36570901,36572977,36574175,36580706,36581448,36581737,36584796,36586012,	36457286,36457564,36491944,36493194,36501597,36504344,36504790,36506883,36507249,36512185,36516043,36518360,36520570,36523827,36525768,36530107,36531394,36532648,36539370,36540321,36541261,36543977,36546602,36553425,36556343,36556507,36562850,36569793,36570777,36571048,36573039,36574304,36580843,36581504,36581899,36584926,36586570,	CU05_HUMAN	4270
D50926	chr21	+	36612922	36669331	36612922	36667989	17	36612922,36626338,36629566,36630424,36631466,36634091,36637271,36637604,36642003,36649312,36652647,36652876,36654875,36656785,36661680,36665066,36667835,	36612996,36626411,36629699,36630639,36631614,36634239,36637400,36637724,36642101,36649417,36652770,36652951,36654921,36656952,36662569,36665224,36669331,	Y136_HUMAN	38860
BC042609	chr21	+	36662126	36669057	36662126	36667989	3	36662126,36665066,36667835,	36662569,36665224,36669057,	Q86YD6	12289
BC021218	chr21	+	36678758	36709520	36678820	36709050	13	36678758,36680290,36684243,36687239,36690107,36692213,36695450,36701453,36702066,36704155,36705576,36707987,36708967,	36678955,36680423,36684361,36687343,36690204,36692298,36695544,36701523,36702158,36704297,36706008,36708082,36709520,	CAFB_HUMAN	3282
AF314090	chr21	-	36753317	36772783	36753668	36754388	3	36753317,36770066,36772187,	36754469,36770256,36772783,	CLDE_HUMAN	3825
U80456	chr21	+	36992385	37042613	36992441	37040788	11	36992385,37001862,37005227,37012516,37015740,37018814,37023740,37034412,37036082,37037423,37040360,	36992616,37001945,37005317,37012625,37015826,37019014,37023847,37034560,37036251,37037832,37042613,	SIM2_HUMAN	37283
AJ001858	chr21	+	37001875	37038567	37001875	37038492	10	37001875,37005227,37012516,37015740,37018814,37023740,37034412,37036082,37037423,37038490,	37001945,37005317,37012625,37015826,37019014,37023847,37034560,37036251,37037832,37038567,	O60766	8789
D87328	chr21	-	37043887	37259168	37046941	37231578	12	37043887,37049237,37052422,37057707,37059913,37189554,37222945,37229143,37231526,37240027,37254730,37259138,	37047113,37049451,37052537,37057868,37059981,37189826,37223128,37230087,37231689,37240982,37254865,37259168,	BPL1_HUMAN	2988
AB037158	chr21	+	37299257	37312354	37299467	37310902	4	37299257,37300851,37306245,37310568,	37299571,37300918,37306313,37312354,	DSR6_HUMAN	4723
AF216305	chr21	-	37358069	37365769	37358276	37364843	6	37358069,37359956,37362246,37364839,37365128,37365694,	37358407,37360075,37362319,37365005,37365232,37365769,	PIGP_HUMAN	10082
D84294	chr21	+	37378484	37495801	37379952	37494270	45	37378484,37380527,37380890,37381493,37382927,37383987,37386699,37388044,37389275,37401086,37414511,37415677,37417313,37418774,37421697,37425376,37428074,37431328,37433255,37437219,37440175,37441240,37442772,37443514,37444587,37445645,37449351,37452395,37453498,37454686,37456747,37458246,37460251,37465291,37475470,37478401,37479744,37481190,37484029,37484807,37488370,37490265,37490577,37492927,37494135,	37380096,37380570,37381041,37381581,37382981,37384108,37386785,37388139,37389338,37401141,37414674,37415723,37417437,37418838,37421758,37425461,37428209,37431409,37433368,37437340,37440298,37441342,37442865,37443579,37444724,37445972,37449603,37452442,37453555,37454760,37456912,37459312,37460317,37465441,37475610,37478470,37479841,37481291,37484120,37484909,37488732,37490392,37490721,37493020,37495801,	TTC3_HUMAN	38396
D83327	chr21	+	37380955	37495793	37380955	37494270	43	37380955,37381493,37382927,37383987,37386699,37388044,37389275,37401086,37414511,37415677,37417313,37418774,37421697,37425376,37428074,37431328,37433255,37437219,37440175,37441240,37442772,37443514,37444587,37445645,37449351,37452395,37453498,37454686,37456747,37458246,37460251,37465291,37475470,37478401,37479744,37481190,37484029,37484807,37488370,37490265,37490577,37492927,37494135,	37381041,37381581,37382981,37384108,37386785,37388139,37389338,37401141,37414674,37415723,37417437,37418838,37421758,37425461,37428209,37431409,37433368,37437340,37440298,37441342,37442865,37443579,37444724,37445972,37449603,37452442,37453555,37454760,37456912,37459312,37460317,37465441,37475610,37478470,37479841,37481291,37484120,37484909,37488732,37490392,37490721,37493020,37495793,	Q9UEK4	34314
AB066100	chr21	+	37513021	37514431	37513788	37514238	1	37513021,	37514431,	DSR9_HUMAN	4725
D87343	chr21	-	37516120	37560228	37518239	37559990	8	37516120,37520349,37520918,37525072,37526057,37531155,37533191,37559933,	37518322,37520502,37521069,37525147,37526138,37531305,37533335,37560228,	DSR3_HUMAN	4721
AJ001867	chr21	-	37518211	37560025	37518239	37533266	9	37518211,37520349,37520918,37525072,37526057,37531155,37533191,37559487,37559933,	37518322,37520502,37521069,37525147,37526138,37531305,37533335,37559543,37560025,	O60768	8790
AB015282	chr21	+	37659630	37779178	37765457	37779178	5	37659630,37765380,37770904,37773334,37779163,	37660325,37765577,37770997,37773523,37779178,	O94789	9146
AB015283	chr21	+	37660277	37765508	37713071	37765508	3	37660277,37712995,37765380,	37660325,37713081,37765508,	BAA33976	2718
D86550	chr21	+	37711601	37807872	37713071	37805229	11	37711601,37765380,37770904,37773334,37779163,37782871,37785713,37788814,37797980,37798796,37804608,	37713081,37765577,37770997,37773523,37779311,37783158,37785860,37788955,37798287,37798921,37807872,	DYRA_HUMAN	4778
Z25423	chr21	+	37783065	37785800	37783065	37785800	2	37783065,37785713,	37783158,37785800,	Q15446	11135
AJ001871	chr21	+	37805035	37805647	37805035	37805226	1	37805035,	37805647,	O60770	8791
AJ001874	chr21	+	37809125	37809367	37809134	37809365	1	37809125,	37809367,	O60771	8792
D87327	chr21	-	37917183	38209057	37917855	38133379	4	37917183,38006908,38133354,38208581,	37918181,38007829,38133406,38209057,	IRK6_HUMAN	6424
AB000099	chr21	-	38346710	38413849	38347343	38413744	3	38346710,38412795,38413616,	38347470,38412897,38413849,	DSR4_HUMAN	4722
AJ306840	chr21	+	38413973	38449000	38414955	38448891	4	38413973,38414800,38446921,38448792,	38414090,38414972,38447018,38449000,	DSR8_HUMAN	4724
AB066291	chr21	+	38498644	38501133	38500657	38500921	3	38498644,38498959,38500623,	38498849,38499105,38501133,	DS10_HUMAN	4712
Y10745	chr21	+	38589242	38593170	38591578	38592706	2	38589242,38591560,	38589340,38593170,	IRKF_HUMAN	6430
M21535	chr21	-	38673886	38877219	38675719	38715838	9	38673886,38683311,38683975,38684692,38694873,38695822,38715726,38867980,38877162,	38676240,38683359,38684032,38684761,38694954,38696026,38715878,38868066,38877219,	ERG_HUMAN	4995
BC040168	chr21	-	38675246	38790802	38675719	38790699	10	38675246,38683311,38683975,38684692,38692890,38694873,38695822,38715726,38737721,38790681,	38676240,38683359,38684032,38684761,38692962,38694954,38696026,38715878,38737939,38790802,	Q8IXK9	13452
S77574	chr21	-	38676120	38676241	38676121	38676241	1	38676120,	38676241,	Q16324	11324
S68130	chr21	-	38684750	38692965	38684750	38692965	2	38684750,38692890,	38684761,38692965,	Q16113	11275
AF015313	chr21	-	38692890	38694954	38692890	38694954	2	38692890,38694873,	38692962,38694954,	Q16031	11252
BC042954	chr21	+	39098247	39116120	39098434	39115203	10	39098247,39102353,39105321,39106591,39107099,39109326,39110743,39111821,39113904,39114992,	39098439,39102425,39105433,39106711,39107300,39109410,39110965,39112085,39114023,39116120,	ETS2_HUMAN	5020
AJ011409	chr21	-	39315320	39316156	39315320	39315623	1	39315320,	39316156,	Q9UJ94	35005
BC011755	chr21	-	39467778	39475753	39467919	39475715	7	39467778,39469755,39470769,39472244,39472605,39474092,39475572,	39467985,39469892,39470968,39472307,39472757,39474199,39475753,	DSR2_HUMAN	4720
AJ292465	chr21	-	39478463	39605891	39479346	39605812	42	39478463,39488818,39491083,39492539,39494645,39498428,39502315,39503106,39504986,39505801,39507557,39510472,39510825,39516728,39517406,39520820,39521632,39524497,39524693,39528915,39530799,39540021,39543116,39547965,39550807,39556780,39557211,39562219,39562603,39566694,39568493,39569571,39571063,39572468,39586131,39588063,39588585,39590752,39605161,39605392,39605561,39605763,	39479738,39489736,39491983,39492707,39494866,39498595,39502468,39503250,39505028,39505874,39507683,39510593,39510981,39516790,39517518,39520903,39521757,39524605,39524819,39529105,39530894,39540153,39543210,39548149,39550993,39557006,39557340,39562354,39562754,39566793,39568534,39569672,39571134,39572569,39586353,39588224,39588684,39590903,39605221,39605422,39605620,39605891,	Q96QH0	25842
AJ238214	chr21	-	39482566	39605911	39488579	39605812	42	39482566,39483370,39491083,39492539,39494645,39498428,39502315,39503106,39504986,39505801,39507557,39510472,39510825,39516728,39517406,39520820,39521632,39524497,39524693,39528915,39530799,39540021,39543116,39547965,39550807,39556780,39557211,39562219,39562603,39566694,39568493,39569571,39571063,39572468,39586131,39588063,39588585,39590752,39605161,39605392,39605561,39605763,	39483363,39489736,39491983,39492707,39494866,39498595,39502468,39503250,39505028,39505874,39507683,39510593,39510981,39516790,39517518,39520903,39521757,39524605,39524819,39529105,39530894,39540153,39543210,39548149,39550993,39557006,39557340,39562354,39562754,39566793,39568534,39569672,39571134,39572569,39586353,39588224,39588684,39590903,39605221,39605422,39605620,39605911,	WDR9_HUMAN	38764
AF426265	chr21	-	39606281	39607281	39606300	39606738	1	39606281,	39607281,	CU87_HUMAN	4301
BC000075	chr21	-	39634635	39641363	39635441	39641247	6	39634635,39637466,39640612,39640742,39640865,39641223,	39635480,39637595,39640660,39640772,39640898,39641363,	HG14_HUMAN	5969
AK056033	chr21	-	39634636	39638849	39635119	39638167	3	39634636,39637466,39638150,	39635480,39637595,39638849,	Q96N32	25320
BC012415	chr21	+	39673115	39690463	39673146	39689701	5	39673115,39683459,39684530,39685927,39689627,	39673248,39683625,39684598,39686042,39690463,	WRB_HUMAN	38798
BC031059	chr21	-	39698605	39738515	39698671	39721910	11	39698605,39702740,39703025,39704479,39713467,39715737,39720933,39721892,39728181,39736896,39738486,	39699374,39702858,39703129,39704564,39713605,39716252,39721265,39721973,39728335,39736963,39738515,	CU13_HUMAN	4273
BC006371	chr21	+	39744660	39808267	39744660	39804529	7	39744660,39755136,39767896,39792584,39801760,39804442,39807850,	39744903,39755322,39767977,39792677,39801790,39804572,39808267,	SH3B_HUMAN	37241
AF426266	chr21	-	39889909	39905204	39890466	39905128	3	39889909,39902345,39905059,	39890752,39902428,39905204,	CU88_HUMAN	4302
AF426267	chr21	-	39898361	39905204	39898722	39905128	3	39898361,39902345,39905059,	39898765,39902428,39905204,	AAM53523	2006
AB020337	chr21	+	39950089	39955651	39953322	39954255	3	39950089,39952515,39953322,	39950362,39952675,39955651,	B3G5_HUMAN	2651
BC013791	chr21	+	40160206	40222148	40160263	40221872	3	40160206,40191236,40221744,	40160272,40191288,40222148,	PE19_HUMAN	9943
AF289030	chr21	-	40305663	40646417	40305796	40646417	29	40305663,40335133,40336840,40344720,40348487,40355631,40367799,40371449,40372914,40376670,40378364,40379932,40386483,40416957,40426616,40435320,40437253,40459980,40471689,40479893,40480653,40481804,40568859,40588817,40604843,40630863,40631881,40640432,40646227,	40306095,40335436,40337038,40344870,40348603,40355662,40367976,40371740,40373103,40376769,40378528,40380050,40386637,40417091,40426772,40435467,40437494,40460051,40471857,40480022,40480750,40482001,40569033,40588937,40605122,40631139,40632178,40640708,40646417,	Q8WY19	21466
AF217525	chr21	-	40305670	41139901	40305796	41139423	33	40305670,40335133,40336840,40344720,40348487,40355631,40367799,40371449,40372914,40376670,40378364,40379932,40386483,40416957,40426616,40435320,40437253,40459980,40471689,40479893,40480653,40481804,40568859,40588817,40604843,40630863,40631881,40640432,40646227,40661861,40985571,41001215,41139380,	40306149,40335436,40337038,40344870,40348603,40355662,40367976,40371740,40373103,40376769,40378528,40380050,40386637,40417091,40426772,40435467,40437494,40460051,40471857,40480022,40480750,40482001,40569033,40588937,40605122,40631139,40632178,40640708,40646506,40662008,40985718,41001533,41139901,	DSCA_HUMAN	4716
AF178532	chr21	+	41460563	41569357	41461026	41568387	9	41460563,41519028,41530275,41534581,41536138,41538724,41543514,41549920,41568133,	41461338,41519117,41530492,41534710,41536273,41538826,41543664,41550089,41569357,	BAE2_HUMAN	2831
AF188276	chr21	+	41460563	41569357	41461026	41568387	8	41460563,41519028,41530275,41534581,41536138,41538724,41549920,41568133,	41461338,41519117,41530492,41534710,41536273,41538826,41550089,41569357,	Q9NZL2	33449
AF188277	chr21	+	41460563	41569357	41461026	41568190	8	41460563,41519028,41530275,41534581,41536138,41538724,41543514,41568133,	41461338,41519117,41530492,41534710,41536273,41538826,41543664,41569357,	Q9NZL1	33448
AK075539	chr21	+	41460890	41568585	41461311	41568387	10	41460890,41461295,41519028,41530275,41534581,41536138,41538724,41543514,41549920,41568133,	41461116,41461338,41519117,41530492,41534710,41536273,41538826,41543664,41550089,41568585,	Q8N2D4	14728
AF212252	chr21	+	41461261	41568625	41461263	41568387	9	41461261,41519028,41530275,41534581,41536138,41538724,41543514,41549920,41568133,	41461338,41519117,41530492,41534710,41536273,41538826,41543664,41550089,41568625,	Q9H2V8	29053
AK092431	chr21	-	41469626	41478002	41477480	41477858	2	41469626,41476741,	41471394,41478002,	Q8NAM4	17331
AF269287	chr21	-	41471337	41474251	41471938	41472391	1	41471337,	41474251,	Q8WY50	21482
AJ409094	chr21	+	41609576	41650178	41609642	41649960	9	41609576,41615350,41615685,41631140,41637238,41638448,41639775,41641354,41649870,	41609661,41615467,41615829,41631264,41637297,41638499,41639863,41641487,41650178,	FA3B_HUMAN	5069
AF494379	chr21	+	41609642	41649960	41609642	41649960	8	41609642,41615685,41631140,41637238,41638448,41639775,41641354,41649870,	41609661,41615829,41631264,41637297,41638499,41639863,41641487,41649960,	AAM94280	2015
M30818	chr21	+	41654785	41701705	41669669	41700996	14	41654785,41669598,41670551,41672779,41675172,41683327,41688349,41690375,41691659,41691958,41694732,41696029,41699506,41700753,	41654818,41669918,41670744,41672914,41675327,41683466,41688548,41690454,41691782,41692100,41694891,41696106,41699761,41701705,	MX2_HUMAN	7502
BC032602	chr21	+	41719996	41751977	41724833	41751521	16	41719996,41720517,41723295,41724812,41728599,41729777,41732456,41733649,41734478,41736550,41738210,41738762,41741899,41743929,41745383,41751290,	41720067,41720629,41723371,41724938,41728792,41729915,41732611,41733788,41734677,41736629,41738333,41738904,41742058,41744006,41745632,41751977,	MX1_HUMAN	7501
AK093008	chr21	+	41724476	41751972	41724764	41751521	13	41724476,41728599,41729777,41732456,41733649,41734478,41736550,41738210,41738762,41741899,41743929,41745383,41751290,	41724938,41728723,41729915,41732611,41733788,41734677,41736629,41738333,41738904,41742058,41744006,41745632,41751972,	Q8NAA8	17220
BC014222	chr21	+	41728744	41751975	41728744	41751512	12	41728744,41729777,41732456,41733649,41734478,41736550,41738210,41738762,41741899,41743929,41745383,41751290,	41728792,41729915,41732611,41733788,41734677,41736629,41738333,41738904,41742058,41744006,41745632,41751975,	Q96CI3	22689
AY186254	chr21	+	41743952	41745578	41743952	41745578	2	41743952,41745383,	41744006,41745578,	Q86YP5	12363
AF329454	chr21	-	41757316	41800914	41758904	41790896	14	41757316,41760496,41761158,41763410,41764568,41766087,41769339,41771934,41773238,41781156,41782269,41787118,41790881,41800843,	41758916,41760649,41761301,41763506,41764744,41766259,41769383,41772045,41773365,41781276,41782356,41787341,41790952,41800914,	Q96T73	26263
AF318374	chr21	-	41757317	41759609	41759074	41759437	1	41757317,	41759609,	Q8WYS7	21631
U75329	chr21	-	41757990	41790952	41758904	41790896	13	41757990,41760498,41761158,41763410,41764568,41766087,41769339,41771934,41773238,41781156,41782269,41787118,41790881,	41758918,41760649,41761301,41763506,41764744,41766259,41769383,41772045,41773365,41781276,41782356,41787341,41790952,	TMS2_HUMAN	38197
AK057397	chr21	-	42017715	42021971	42019078	42020505	6	42017715,42019746,42020215,42020429,42021315,42021937,	42019196,42019868,42020328,42020548,42021479,42021971,	Q96M42	25012
AB047783	chr21	-	42045563	42073261	42047033	42073237	8	42045563,42050077,42051954,42052808,42055349,42057292,42062720,42073055,	42048193,42050336,42052058,42052967,42055399,42057441,42063012,42073261,	ANR3_HUMAN	2347
AL137448	chr21	-	42045578	42048229	42047033	42048229	1	42045578,	42048229,	Q9NTA1	32112
AF308292	chr21	-	42046272	42050327	42047389	42050327	3	42046272,42047305,42050077,	42046854,42048193,42050327,	Q9H281	28905
AY078498	chr21	-	42150117	42194167	42150117	42194056	18	42150117,42150797,42151152,42152618,42154307,42161774,42169250,42171860,42173715,42174276,42175011,42176247,42176609,42181984,42186178,42193379,42193680,42193954,	42150209,42150892,42151334,42152748,42154538,42161876,42169503,42172014,42173913,42174370,42175057,42176436,42176692,42182062,42186306,42193545,42193825,42194167,	PRDF_HUMAN	10305
AL050173	chr21	-	42199796	42216337	42203808	42216337	3	42199796,42213737,42216306,	42204029,42214032,42216337,	CU25_HUMAN	4277
AB033053	chr21	-	42303322	42325026	42305579	42308789	2	42303322,42324936,	42308793,42325026,	Z295_HUMAN	39094
BC029588	chr21	+	42336953	42339609	42338995	42339409	2	42336953,42338990,	42337115,42339609,	Q8N0V1	14266
AK090790	chr21	-	42416819	42423134	42418319	42423068	2	42416819,42422981,	42418721,42423134,	Q8N2C9	14723
AK093654	chr21	+	42435841	42457681	42437827	42452306	8	42435841,42437516,42441030,42441691,42442357,42444398,42452124,42456781,	42435910,42437836,42441176,42441928,42442517,42444483,42452327,42457681,	Q8N216	14614
AF323660	chr21	+	42514374	42611930	42516361	42611078	16	42514374,42516262,42540356,42585755,42587988,42591580,42596959,42599245,42600565,42602574,42602896,42604735,42605777,42606183,42609227,42610849,	42514535,42516409,42540600,42585873,42588121,42591631,42597105,42599369,42600680,42602723,42602998,42604904,42605878,42606342,42609346,42611930,	ABG1_HUMAN	2088
BC029158	chr21	+	42533842	42611930	42533960	42611078	15	42533842,42540356,42585755,42587988,42591580,42596959,42599245,42600565,42602574,42602896,42604735,42605777,42606183,42609227,42610849,	42533990,42540600,42585873,42588121,42591631,42597105,42599369,42600680,42602723,42602998,42604904,42605878,42606342,42609346,42611930,	Q86SU8	11740
AY048757	chr21	+	42570769	42611930	42571034	42611078	16	42570769,42574000,42574674,42585755,42587988,42591580,42596959,42599245,42600565,42602574,42602896,42604735,42605777,42606183,42609227,42610849,	42571302,42574188,42574825,42585873,42588121,42591631,42597105,42599369,42600680,42602759,42602998,42604904,42605878,42606342,42609346,42611930,	Q96L76	24780
AF289552	chr21	+	42583237	42584967	42583979	42584432	1	42583237,	42584967,	Q8WZ40	21742
AF038175	chr21	+	42604813	42611855	42604813	42611078	5	42604813,42605777,42606183,42609227,42610849,	42604904,42605878,42606342,42609346,42611855,	O43576	8554
BC017859	chr21	-	42626760	42630095	42626941	42630039	3	42626760,42628170,42629978,	42626955,42628317,42630095,	TFF3_HUMAN	38038
AF432265	chr21	-	42628244	42630337	42628244	42630210	2	42628244,42629978,	42628317,42630337,	Q96NX0	25569
BC032820	chr21	-	42661041	42665663	42661217	42665642	4	42661041,42662170,42664565,42665563,	42661231,42662317,42664715,42665663,	TFF2_HUMAN	38037
BC032811	chr21	-	42676966	42681204	42677163	42681180	3	42676966,42677939,42681095,	42677180,42678092,42681204,	TFF1_HUMAN	38036
AB038158	chr21	-	42686574	42705103	42687446	42703152	11	42686574,42690400,42691225,42694801,42696749,42697717,42698654,42700093,42703087,42703613,42704611,	42687464,42690553,42691371,42694897,42696919,42697883,42698698,42700219,42703211,42703730,42705103,	TMS3_HUMAN	38198
AF267741	chr21	-	42696560	42710737	42696666	42710102	9	42696560,42697717,42698654,42700093,42703087,42703613,42704611,42710008,42710626,	42696919,42697883,42698698,42700219,42703211,42703730,42704722,42710153,42710737,	Q8WY52	21484
BC028138	chr21	+	42718594	42762216	42718630	42749717	14	42718594,42720992,42724106,42727708,42731126,42733085,42741381,42746787,42749517,42752227,42757137,42757997,42759219,42761742,	42718743,42721046,42724293,42727907,42731296,42733294,42741505,42746887,42750195,42752282,42757282,42758104,42759329,42762216,	Q8N6V2	16095
AJ277750	chr21	+	42718599	42762350	42718630	42761880	15	42718599,42720992,42724106,42727708,42728094,42731126,42733085,42741381,42746787,42749517,42752173,42757137,42757997,42759219,42761742,	42718743,42721046,42724293,42727907,42728208,42731296,42733294,42741505,42746887,42749640,42752266,42757282,42758104,42759329,42762350,	UAS3_HUMAN	38486
AB006536	chr21	-	42787174	42811040	42787503	42810872	9	42787174,42790583,42791976,42797322,42800354,42801056,42807443,42807651,42810818,	42787556,42790733,42792130,42797394,42800490,42801147,42807549,42807765,42811040,	TSA2_HUMAN	38370
AF311320	chr21	+	42828599	42896106	42833140	42895046	20	42828599,42832962,42840461,42849383,42850157,42854197,42857089,42858121,42861788,42868747,42873643,42876763,42878500,42879393,42880512,42881670,42883045,42889503,42894421,42895030,	42829403,42833196,42840543,42849516,42850236,42854333,42857166,42858288,42861826,42868828,42873775,42876854,42878563,42879479,42880561,42881744,42883124,42889601,42894486,42896106,	GLPT_HUMAN	5661
AF289589	chr21	+	42893747	42896112	42894258	42894576	1	42893747,	42896112,	Q8WZ03	21704
AY196299	chr21	+	42968464	43090192	42968500	43089979	19	42968464,43000877,43002602,43012100,43013653,43048041,43058461,43065801,43068675,43073684,43075013,43075510,43076768,43080066,43082873,43083712,43085388,43087124,43089965,	42968569,43000948,43002680,43012176,43013697,43048112,43058546,43065883,43068750,43073771,43075118,43075593,43076925,43080180,43082978,43083841,43085484,43087206,43090192,	Q86WP0	12069
AY196300	chr21	+	42968464	43090192	42968552	43089979	18	42968464,43002602,43013653,43046755,43048041,43058461,43065801,43068675,43073684,43075013,43075510,43076768,43080066,43082873,43083712,43085388,43087124,43089965,	42968569,43002680,43013697,43046810,43048112,43058546,43065883,43068750,43073771,43075118,43075593,43076925,43080180,43082978,43083841,43085484,43087206,43090192,	Q86SJ3	11705
AY196303	chr21	+	42968464	43090192	42968500	43089979	18	42968464,43000877,43013653,43046755,43048041,43058461,43065801,43068675,43073684,43075013,43075510,43076768,43080066,43082873,43083712,43085388,43087124,43089965,	42968569,43000948,43013697,43046810,43048112,43058546,43065883,43068750,43073771,43075118,43075593,43076925,43080180,43082978,43083841,43085484,43087206,43090192,	Q86WN9	12068
AY196304	chr21	+	42968464	43090192	42968552	43089979	15	42968464,43048041,43058461,43065801,43068675,43073684,43075013,43075510,43076768,43080066,43082873,43083712,43085388,43087124,43089965,	42968569,43048112,43058546,43065883,43068750,43073771,43075118,43075593,43076925,43080180,43082978,43083841,43085484,43087206,43090192,	Q86WN8	12067
AY196305	chr21	+	42968464	43090192	43048110	43089979	15	42968464,43013653,43048041,43065801,43068675,43073684,43075013,43075510,43076768,43080066,43082873,43083712,43085388,43087124,43089965,	42968569,43013697,43048112,43065883,43068750,43073771,43075118,43075593,43076925,43080180,43082978,43083841,43085484,43087206,43090192,	Q86SF7	11690
AY196306	chr21	+	42968464	43090192	42968552	43089979	16	42968464,43002602,43048041,43058461,43065801,43068675,43073684,43075013,43075510,43076768,43080066,43082873,43083712,43085388,43087124,43089965,	42968569,43002680,43048112,43058546,43065883,43068750,43073771,43075118,43075593,43076925,43080180,43082978,43083841,43085484,43087206,43090192,	Q86WN7	12066
AY196307	chr21	+	42968464	43090192	42968500	43089979	17	42968464,43002602,43013653,43048041,43058461,43065801,43068675,43073684,43075013,43075510,43076768,43080066,43082873,43083712,43085388,43087124,43089965,	42968569,43002680,43013697,43048112,43058546,43065883,43068750,43073771,43075118,43075593,43076925,43080180,43082978,43083841,43085484,43087206,43090192,	Q86WN6	12065
AY196310	chr21	+	42968464	43090192	42968552	43089979	18	42968464,43013653,43046455,43046755,43048041,43058461,43065801,43068675,43073684,43075013,43075510,43076768,43080066,43082873,43083712,43085388,43087124,43089965,	42968569,43013697,43046635,43046810,43048112,43058546,43065883,43068750,43073771,43075118,43075593,43076925,43080180,43082978,43083841,43085484,43087206,43090192,	Q86WN5	12064
AY196311	chr21	+	42968464	43090192	42968552	43089979	19	42968464,43002602,43013653,43046455,43046755,43048041,43058461,43065801,43068675,43073684,43075013,43075510,43076768,43080066,43082873,43083712,43085388,43087124,43089965,	42968569,43002680,43013697,43046635,43046810,43048112,43058546,43065883,43068750,43073771,43075118,43075593,43076925,43080180,43082978,43083841,43085484,43087206,43090192,	Q86WN4	12063
AY196312	chr21	+	42968464	43090192	42968500	43089979	19	42968464,43000877,43013653,43046455,43046755,43048041,43058461,43065801,43068675,43073684,43075013,43075510,43076768,43080066,43082873,43083712,43085388,43087124,43089965,	42968569,43000948,43013697,43046635,43046810,43048112,43058546,43065883,43068750,43073771,43075118,43075593,43076925,43080180,43082978,43083841,43085484,43087206,43090192,	Q86WN3	12062
AY196314	chr21	+	42968464	43090192	43058514	43089979	18	42968464,43002602,43013653,43046455,43048041,43058461,43065801,43068675,43073684,43075013,43075510,43076768,43080066,43082873,43083712,43085388,43087124,43089965,	42968569,43002680,43013697,43046635,43048112,43058546,43065883,43068750,43073771,43075118,43075593,43076925,43080180,43082978,43083841,43085484,43087206,43090192,	Q86SI6	11702
AF067223	chr21	+	42968498	43090195	42968500	43089979	20	42968498,43000877,43002602,43013653,43046455,43046755,43048041,43058461,43065801,43068675,43073684,43075013,43075510,43076768,43080066,43082873,43083712,43085388,43087124,43089965,	42968569,43000948,43002680,43013697,43046635,43046810,43048112,43058546,43065883,43068750,43073771,43075118,43075593,43076925,43080180,43082978,43083841,43085484,43087206,43090195,	CN9A_HUMAN	3919
AK074662	chr21	+	43084282	43090113	43084385	43084754	2	43084282,43089965,	43087206,43090113,	Q8NCL3	17970
BC001074	chr21	-	43163911	43194255	43164743	43178149	11	43163911,43166940,43168254,43169247,43170367,43174347,43176967,43178125,43188288,43191387,43194198,	43164928,43167010,43168438,43169312,43170466,43174408,43177080,43178282,43188377,43191453,43194255,	Q9BVM5	27652
BC006341	chr21	-	43163911	43194219	43164743	43194190	11	43163911,43166940,43168254,43169247,43170367,43174347,43176967,43178125,43188236,43191387,43194092,	43164928,43167010,43168438,43169312,43170466,43174408,43177080,43178282,43188377,43191453,43194219,	WDR4_HUMAN	38760
AK056041	chr21	+	43194329	43223785	43211615	43223707	6	43194329,43198291,43201486,43211612,43217867,43223549,	43194551,43198481,43201645,43211733,43218962,43223785,	Q96DP0	22968
BC021217	chr21	+	43207965	43223789	43208010	43223698	4	43207965,43211612,43217867,43223549,	43208067,43211733,43218962,43223789,	Q8WU60	20646
BC033766	chr21	+	43208006	43224349	43208019	43223707	3	43208006,43211612,43223549,	43208067,43211733,43224349,	NUOM_HUMAN	7949
BC005107	chr21	-	43231488	43240304	43233708	43240304	2	43231488,43240031,	43233977,43240304,	Q9BSD2	26872
AY142115	chr21	+	43289218	43348248	43319067	43346861	11	43289218,43319011,43322176,43324738,43327753,43331593,43332818,43335988,43339556,43343387,43346825,	43289350,43319118,43322304,43324910,43327924,43331693,43332916,43336117,43339633,43343643,43348248,	Q8IWT7	13239
BC000735	chr21	+	43289249	43343467	43319058	43343460	10	43289249,43319011,43322176,43324738,43327753,43331593,43332818,43335988,43339556,43343387,	43289350,43319118,43322304,43324910,43327924,43331693,43332916,43336117,43339633,43343467,	AAH00735	400
U68727	chr21	+	43289333	43346610	43319070	43344787	12	43289333,43319011,43322176,43324738,43327753,43331593,43332818,43335988,43339556,43343387,43344575,43344956,	43289350,43319118,43322304,43324910,43327924,43331693,43332916,43336117,43339633,43343560,43344946,43346610,	PNX1_HUMAN	10199
BC007746	chr21	+	43319049	43345483	43319058	43344778	11	43319049,43322176,43324738,43327753,43331593,43332818,43335988,43339556,43343387,43344575,43344956,	43319118,43322304,43324910,43327924,43331693,43332916,43336117,43339633,43343560,43344946,43345483,	Q96I87	24097
BC012319	chr21	-	43367876	43375191	43368565	43375191	6	43367876,43371488,43372830,43373519,43373911,43375126,	43368669,43371573,43372939,43373654,43373989,43375191,	Q96EH7	23176
AL137314	chr21	-	43367876	43383280	43368565	43383280	14	43367876,43371488,43372830,43373519,43373911,43375126,43376996,43377638,43378585,43379888,43380072,43380301,43380928,43383194,	43368669,43371573,43372939,43373654,43373989,43375232,43377081,43377764,43378677,43379958,43380207,43380381,43381063,43383280,	Q9NTF0	32154
BC010242	chr21	-	43367882	43390540	43368565	43386879	17	43367882,43371488,43372830,43373519,43373911,43375126,43376996,43377638,43378585,43379888,43380072,43380301,43380928,43383194,43386670,43387951,43390455,	43368669,43371573,43372939,43373654,43373989,43375232,43377081,43377764,43378677,43379958,43380207,43380381,43381063,43383301,43386887,43388027,43390540,	CBS_HUMAN	3400
BC001177	chr21	-	43407641	43422208	43407787	43422180	8	43407641,43409156,43409340,43410123,43410379,43415138,43419000,43422136,	43407935,43409249,43409474,43410222,43410429,43415205,43419088,43422208,	U2AG_HUMAN	38473
BC005915	chr21	-	43407644	43422210	43407787	43410409	9	43407644,43409156,43409340,43410123,43410379,43415138,43416051,43419000,43422136,	43407935,43409249,43409474,43410222,43410429,43415205,43416118,43419088,43422210,	Q7Z780	11661
X14789	chr21	+	43483772	43485570	43483785	43485325	1	43483772,	43485570,	CRAA_HUMAN	4101
L25781	chr21	+	43486756	43486924	43486756	43486924	1	43486756,	43486924,	Q13684	10757
BC038504	chr21	-	43691036	43703650	43693263	43702700	14	43691036,43694064,43694781,43695542,43695874,43696380,43696755,43697531,43697764,43698159,43698495,43701928,43702544,43703531,	43693639,43694296,43695063,43695759,43696000,43696527,43696979,43697655,43697889,43698321,43698559,43702045,43702714,43703650,	Q86YJ2	12340
AF426261	chr21	-	43738615	43754745	43748121	43754656	4	43738615,43748033,43752493,43754585,	43738783,43748216,43752561,43754745,	CU84_HUMAN	4298
BC000153	chr21	-	43805713	43935999	43806275	43934619	9	43805713,43868747,43890352,43906844,43909794,43920811,43933109,43934583,43935908,	43806484,43868851,43890470,43906977,43909944,43920915,43933260,43934843,43935999,	HBP2_HUMAN	5913
NM_017445	chr21	+	43841761	43842142	43841761	43842142	1	43841761,	43842142,	H2BS_HUMAN	dna395
BC014005	chr21	+	43936099	43964090	43936178	43964090	13	43936099,43946406,43948830,43950392,43951158,43951556,43952794,43953255,43959801,43961075,43962292,43963326,43964038,	43936317,43946489,43948888,43950478,43951220,43951686,43952859,43953437,43959896,43961173,43962312,43963458,43964090,	AAH14005	1133
D80001	chr21	+	43936121	43972600	43936121	43969906	16	43936121,43946406,43948824,43950392,43951158,43951556,43952794,43953255,43959801,43961075,43962292,43963326,43964038,43966810,43967961,43969712,	43936317,43946429,43948888,43950478,43951220,43951686,43952859,43953437,43959896,43961173,43962312,43963458,43964763,43966963,43968025,43972600,	K179_HUMAN	6520
BC000123	chr21	+	43995634	44032782	43995817	44032586	11	43995634,44010591,44018189,44020246,44022601,44025517,44027022,44029040,44030105,44032220,44032473,	43995904,44010646,44018294,44020330,44022648,44025603,44027068,44029152,44030242,44032287,44032782,	PDXK_HUMAN	9941
BC041020	chr21	+	44010586	44015384	44013670	44014159	2	44010586,44013476,	44010646,44015384,	Q96HW9	24012
AK024977	chr21	+	44037017	44038819	44037681	44038368	1	44037017,	44038819,	CU97_HUMAN	4307
BC010532	chr21	-	44050476	44052844	44050724	44052792	3	44050476,44051180,44052726,	44050853,44051282,44052844,	CYTB_HUMAN	4381
BC000380	chr21	+	44066112	44081816	44066143	44080288	13	44066112,44067872,44069194,44069841,44071711,44073944,44074153,44074429,44076092,44077039,44077384,44078796,44080034,	44066285,44067955,44069252,44069927,44071773,44074074,44074218,44074623,44076172,44077137,44077404,44078910,44081816,	NNP1_HUMAN	7804
BC014787	chr21	+	44066154	44080625	44069873	44080297	13	44066154,44067872,44069194,44069841,44071711,44073944,44074153,44074429,44076092,44077039,44077384,44078796,44080034,	44066285,44067955,44069252,44069927,44071773,44074074,44074218,44074623,44076172,44077137,44077404,44078910,44080625,	AAH14787	1194
AY033999	chr21	+	44073883	44080622	44073921	44080297	8	44073883,44074153,44074429,44076092,44077039,44077384,44078796,44080034,	44074074,44074218,44074623,44076172,44077137,44077404,44078910,44080622,	Q96J73	24316
BC034348	chr21	-	44082280	44086854	44086771	44086854	2	44082280,44086753,	44083111,44086854,	Q8N4G5	15370
AF156774	chr21	+	44159066	44259247	44236204	44258915	10	44159066,44180479,44236156,44244468,44245640,44247175,44247910,44254568,44257511,44258826,	44159138,44180542,44236382,44244638,44245802,44247329,44248013,44254644,44257710,44259247,	PLCC_HUMAN	10131
AL832919	chr21	+	44244496	44263063	44254597	44258915	7	44244496,44245640,44247175,44247910,44254568,44257510,44258826,	44244638,44245802,44247329,44248013,44254644,44257710,44263063,	Q8N3Q7	15156
BC004413	chr21	+	44260483	44261306	44260483	44260654	1	44260483,	44261306,	Q9BT14	27037
BC004219	chr21	+	44261514	44263063	44261684	44261876	1	44261514,	44263063,	YU01_HUMAN	38983
AK074300	chr21	+	44261640	44263664	44262327	44262711	1	44261640,	44263664,	Q8TEB0	20264
U61500	chr21	+	44288863	44382778	44289016	44380054	23	44288863,44308613,44314314,44328802,44332220,44335625,44340060,44350846,44351561,44353074,44354215,44356086,44356537,44359310,44360644,44363324,44364221,44366355,44368445,44370585,44374879,44379300,44379815,	44289083,44308695,44314450,44328999,44332416,44335737,44340308,44350993,44351676,44353151,44354307,44356227,44356650,44359825,44360786,44363483,44364451,44366456,44368572,44370756,44375057,44379495,44382778,	EHO1_HUMAN	4877
BC046241	chr21	+	44288869	44336768	44289016	44336028	7	44288869,44308613,44314314,44328802,44332220,44335625,44335987,	44289083,44308695,44314450,44328999,44332416,44335737,44336768,	Q86SI7	11703
BC013309	chr21	+	44383938	44407623	44383938	44407286	21	44383938,44385506,44390275,44390701,44391147,44391786,44392213,44394342,44395285,44395909,44396870,44397153,44397474,44398699,44401102,44402533,44403422,44404454,44404769,44405074,44407120,	44383957,44385619,44390370,44390801,44391291,44391922,44392443,44394486,44395356,44396046,44397019,44397301,44397625,44398880,44401250,44402642,44403488,44404673,44404920,44405149,44407623,	PWP2_HUMAN	10499
BC002370	chr21	+	44410150	44422233	44410212	44421464	7	44410150,44410625,44412583,44413700,44416773,44419728,44421344,	44410362,44410678,44412697,44413820,44416866,44419885,44422233,	ES1_HUMAN	5002
AB014553	chr21	-	44503358	44517470	44506054	44517470	7	44503358,44504495,44507804,44511796,44513391,44514972,44517328,	44504478,44506614,44507969,44512087,44513742,44515013,44517470,	ICOL_HUMAN	6199
AF194032	chr21	-	44522864	44538741	44522921	44537784	12	44522864,44525550,44527334,44528147,44531141,44532591,44535047,44535961,44536156,44537319,44537678,44538264,	44523090,44525636,44527474,44528223,44531230,44532679,44535219,44536074,44536236,44537364,44537791,44538741,	DM3L_HUMAN	4627
Z97990	chr21	+	44562411	44574744	44562531	44574252	14	44562411,44563081,44563502,44564041,44564869,44566181,44566512,44567619,44568826,44569517,44570313,44570925,44572907,44574180,	44562663,44563256,44563658,44564116,44564983,44566327,44566593,44567735,44568926,44569700,44570435,44571028,44572970,44574744,	AIRE_HUMAN	2244
BC009919	chr21	+	44576608	44603896	44576621	44603378	22	44576608,44583205,44587530,44588629,44589502,44590162,44590437,44592768,44592956,44594994,44595875,44596608,44598253,44598657,44599486,44600290,44601015,44601380,44601677,44602485,44602683,44603239,	44576715,44583279,44587608,44588819,44589668,44590207,44590546,44592864,44593049,44595120,44595940,44596672,44598400,44598728,44599574,44600443,44601180,44601442,44601789,44602585,44602789,44603896,	Q96A64	22084
BC006422	chr21	+	44576612	44603896	44581852	44603387	25	44576612,44580799,44581781,44582324,44583205,44587530,44588629,44589502,44590162,44590437,44592768,44592956,44594994,44595875,44596608,44598253,44598657,44599486,44600290,44601015,44601380,44601677,44602485,44602683,44603239,	44576715,44580980,44581942,44582460,44583279,44587608,44588819,44589668,44590207,44590546,44592864,44593049,44595120,44595940,44596672,44598400,44598728,44599574,44600443,44601180,44601442,44601789,44602585,44602789,44603896,	Q9BR91	26612
BC007536	chr21	+	44576615	44603890	44576630	44603387	22	44576615,44583205,44587530,44588629,44589502,44590162,44590437,44592768,44592956,44594994,44595875,44596608,44598253,44598657,44599486,44600290,44601015,44601380,44601677,44602485,44602683,44603239,	44576715,44583279,44587608,44588819,44589668,44590207,44590546,44592864,44593049,44595120,44595940,44596672,44598400,44598728,44599574,44600443,44601180,44601442,44601789,44602585,44602789,44603890,	K6PL_HUMAN	6580
BC018295	chr21	+	44590436	44603898	44595003	44603387	16	44590436,44592768,44592956,44594994,44595875,44596608,44598253,44598657,44599486,44600290,44601015,44601380,44601677,44602485,44602683,44603239,	44590546,44592864,44593049,44595120,44595940,44596672,44598400,44598728,44599574,44600443,44601180,44601442,44601789,44602585,44602789,44603898,	Q9BSP4	26957
BC004920	chr21	+	44592993	44603889	44592993	44603378	14	44592993,44594994,44595875,44596608,44598253,44598657,44599486,44600290,44601015,44601380,44601677,44602485,44602683,44603239,	44593049,44595120,44595940,44596672,44598400,44598728,44599574,44600443,44601180,44601442,44601789,44602585,44602789,44603889,	AAH04920	686
Y11392	chr21	-	44605468	44615788	44606722	44615719	7	44605468,44607347,44608367,44609557,44612282,44614173,44615642,	44606851,44607444,44608539,44609787,44612329,44614192,44615788,	CU02_HUMAN	4269
BC031300	chr21	-	44606415	44615918	44606722	44615719	7	44606415,44606987,44608367,44609557,44612282,44614173,44615642,	44606851,44607441,44608539,44609787,44612329,44614192,44615918,	Q8N5X6	15821
AK074162	chr21	+	44607758	44612376	44607758	44608185	2	44607758,44609726,	44609462,44612376,	Q8TEG2	20312
AB001535	chr21	+	44629780	44719602	44630225	44718342	32	44629780,44631172,44640638,44643278,44645701,44652357,44654236,44655521,44659242,44667428,44667796,44671938,44674271,44675820,44676783,44678205,44681666,44682429,44683118,44690415,44694451,44694947,44700169,44701376,44702194,44703184,44703534,44711655,44713586,44715591,44717313,44718216,	44630390,44631261,44640807,44643459,44645868,44652538,44654298,44655722,44659345,44667550,44668150,44672076,44674401,44675966,44676896,44678422,44681785,44682562,44683290,44690599,44694633,44695080,44700257,44701464,44702352,44703261,44703636,44711742,44713692,44715693,44717430,44719602,	TRL2_HUMAN	38338
AB017549	chr21	+	44701393	44719169	44702221	44718342	8	44701393,44702194,44703184,44711655,44713586,44715591,44717313,44718216,	44701464,44702352,44703261,44711742,44713692,44715693,44717430,44719169,	Q96Q93	25808
AY061857	chr21	+	44733159	44733953	44733169	44733943	1	44733159,	44733953,	LRR3_HUMAN	7017
AL117578	chr21	+	44736455	44738721	44736455	44737199	1	44736455,	44738721,	CU30_HUMAN	4278
AJ487962	chr21	-	44774416	44988137	44776307	44988071	12	44774416,44781304,44785723,44798407,44802177,44803816,44804976,44806322,44807567,44810209,44844310,44987989,	44776461,44781406,44785911,44798637,44802364,44804043,44805108,44806479,44807658,44810448,44844531,44988137,	TSEA_HUMAN	38373
AF426269	chr21	+	44793739	44795281	44794318	44795234	3	44793739,44794783,44795152,	44794360,44794857,44795281,	CU90_HUMAN	4304
BC001738	chr21	-	45045935	45078355	45047933	45078305	6	45045935,45050103,45053855,45064476,45064616,45078262,	45048046,45050244,45053974,45064522,45064652,45078355,	UBCJ_HUMAN	38533
AL834129	chr21	-	45045938	45051307	45047933	45050377	2	45045938,45050103,	45048046,45051307,	Q8NDD5	18208
BC000036	chr21	-	45082173	45094611	45083516	45094534	4	45082173,45085603,45090532,45094504,	45083597,45085675,45090661,45094611,	SM31_HUMAN	37331
BC012858	chr21	-	45126156	45150243	45128137	45150173	6	45126156,45131766,45132749,45137719,45141951,45150058,	45128184,45131813,45132921,45137828,45142004,45150243,	PTTG_HUMAN	10482
BC005861	chr21	-	45162509	45187385	45162933	45187348	15	45162509,45163292,45165249,45165832,45166534,45168365,45169960,45171527,45175623,45176876,45178048,45179921,45183471,45186840,45187281,	45162987,45163459,45165452,45166052,45166779,45168553,45170101,45171617,45175719,45177032,45178290,45180092,45183652,45186929,45187385,	ITB2_HUMAN	6464
AK097864	chr21	-	45162512	45165173	45164547	45165129	1	45162512,	45165173,	Q8N1L0	14470
L78790	chr21	-	45162914	45197426	45168468	45187339	15	45162914,45163292,45165249,45165832,45166534,45168365,45169960,45171527,45175623,45176876,45178048,45183471,45186840,45187281,45197377,	45162987,45163459,45165452,45166052,45166779,45168553,45170101,45171617,45175719,45177032,45178290,45183652,45186929,45187342,45197426,	Q8WWJ8	21259
AY035381	chr21	-	45209370	45211530	45210248	45210740	2	45209370,45211490,	45210925,45211530,	CU69_HUMAN	4293
BC044943	chr21	-	45209829	45216470	45210770	45216224	4	45209829,45211490,45212183,45216149,	45210925,45211653,45212447,45216470,	Q86Y90	12245
AF380178	chr21	-	45211281	45216402	45211368	45214161	4	45211281,45212183,45214095,45216149,	45211653,45212447,45214239,45216402,	CU67_HUMAN	4292
BC009341	chr21	+	45216596	45253530	45216605	45253351	6	45216596,45220240,45236656,45243590,45249753,45253236,	45216743,45220394,45236725,45243738,45249822,45253530,	CU70_HUMAN	4294
BC004343	chr21	-	45347511	45349768	45349437	45349569	1	45347511,	45349768,	CUC2_HUMAN	4312
AY082339	chr21	+	45351130	45422852	45411282	45421239	10	45351130,45393489,45395120,45397350,45404958,45408771,45410115,45411271,45421187,45421720,	45351350,45393595,45395176,45397516,45405130,45408863,45410239,45411389,45421519,45422852,	Q8TCX7	19983
U76421	chr21	+	45351156	45503116	45448213	45498754	13	45351156,45404958,45448166,45452286,45456886,45459141,45459918,45461030,45461479,45481111,45497392,45498574,45502103,	45351350,45405130,45448241,45453221,45457001,45459310,45460067,45461150,45461648,45481293,45497571,45500134,45503116,	RED1_HUMAN	36551
AF533142	chr21	+	45351156	45503116	45448213	45498754	12	45351156,45404958,45448166,45452286,45456886,45459141,45459918,45461479,45481111,45497392,45498574,45502103,	45351350,45405130,45448241,45453221,45457001,45459310,45460067,45461648,45481293,45497571,45500134,45503116,	Q8NFA1	18796
AY135659	chr21	+	45351156	45503116	45411352	45498754	13	45351156,45404958,45411271,45448166,45452286,45456886,45459141,45459918,45461479,45481111,45497392,45498574,45502103,	45351350,45405130,45411389,45448241,45453221,45457001,45459310,45460067,45461648,45481293,45497571,45500134,45503116,	Q8NFD1	18830
AF426268	chr21	+	45510908	45535287	45535103	45535205	3	45510908,45520088,45535007,	45511063,45520183,45535287,	CU89_HUMAN	4303
AB023175	chr21	-	45540493	45564442	45544007	45564442	8	45540493,45546395,45553573,45554659,45558905,45559939,45562234,45564297,	45544270,45546576,45553699,45554726,45559016,45560084,45562485,45564442,	CU80_HUMAN	4295
AY066015	chr21	-	45542554	45564442	45542554	45564428	9	45542554,45544146,45546395,45553573,45554659,45558905,45559939,45562234,45564297,	45542704,45544270,45546576,45553699,45554726,45559016,45560084,45562485,45564442,	AAL47681	1978
BC022830	chr21	+	45564608	45567135	45564608	45567043	3	45564608,45565907,45567027,	45564801,45565995,45567135,	Q8TBC7	19553
AF426264	chr21	-	45570607	45573154	45570693	45571191	2	45570607,45572700,	45571332,45573154,	CU86_HUMAN	4300
AF427488	chr21	-	45576801	45581814	45579672	45581064	3	45576801,45578817,45581044,	45577099,45580072,45581814,	CU93_HUMAN	4305
AK096071	chr21	-	45696272	45701627	45697912	45699121	3	45696272,45698968,45701440,	45698176,45699218,45701627,	CUC3_HUMAN	4313
AF018081	chr21	+	45732044	45790276	45732086	45788954	42	45732044,45744797,45750450,45752031,45752906,45753966,45754305,45754882,45756457,45756625,45757022,45757255,45758518,45759350,45763416,45764002,45764973,45766041,45766830,45767391,45767780,45769090,45769242,45769718,45770056,45771100,45771417,45771913,45773055,45773605,45774154,45780566,45780971,45781077,45781689,45781913,45782393,45784116,45785911,45786619,45787666,45788743,	45732732,45745342,45750537,45752091,45753036,45754043,45754521,45754909,45756520,45756712,45757076,45757414,45758581,45759377,45763548,45764065,45765000,45766077,45766902,45767427,45767870,45769120,45769269,45769781,45770131,45771127,45771471,45771988,45773124,45773648,45774217,45780610,45781068,45781112,45781834,45781987,45782522,45784149,45786157,45786817,45787782,45790276,	CA1H_HUMAN	3111
BC033715	chr21	+	45757384	45789124	45757384	45788954	31	45757384,45758518,45759350,45763416,45764002,45764973,45766041,45766830,45767391,45767780,45769090,45769242,45769718,45770056,45771100,45771417,45771913,45773055,45773605,45774154,45780566,45780971,45781077,45781689,45781913,45782393,45784116,45785911,45786619,45787666,45788743,	45757414,45758581,45759377,45763548,45764065,45765000,45766077,45766902,45767427,45767870,45769120,45769269,45769781,45770131,45771127,45771471,45771988,45773124,45773648,45774217,45780610,45781068,45781112,45781834,45781987,45782522,45784149,45786157,45786817,45787782,45789124,	Q8N4S4	15467
AF416592	chr21	+	45786118	45788953	45786118	45788953	4	45786118,45786619,45787666,45788743,	45786157,45786817,45787782,45788953,	Q8WXI5	21399
AF282883	chr21	+	45786130	45788954	45786130	45788954	4	45786130,45786619,45787666,45788743,	45786157,45786817,45787782,45788954,	Q8NG19	19000
AF333247	chr21	+	45786802	45788917	45786802	45788917	3	45786802,45787666,45788743,	45786817,45787782,45788917,	Q96T70	26260
BC003068	chr21	-	45791270	45818972	45791540	45814524	6	45791270,45802372,45807325,45807944,45814326,45818923,	45791708,45802514,45807527,45808704,45814564,45818972,	Q9BTX8	27257
U17566	chr21	-	45791270	45818960	45792213	45814515	6	45791270,45802372,45807325,45807944,45814326,45818923,	45792696,45802514,45807527,45808704,45814564,45818960,	FLO1_HUMAN	5226
AK094301	chr21	+	46124718	46219009	46126641	46218262	14	46124718,46126516,46172763,46176154,46177146,46177552,46185910,46187457,46190506,46194143,46206472,46211808,46216585,46218225,	46124957,46126651,46172918,46176178,46177179,46177669,46186042,46187586,46190581,46194185,46206551,46211861,46216755,46219009,	Q8N9K6	16973
AF176329	chr21	+	46126516	46219009	46172849	46218262	14	46126516,46172763,46176154,46177146,46177552,46185910,46187457,46190506,46194143,46206472,46207341,46211808,46216585,46218225,	46126651,46172918,46176178,46177179,46177669,46186042,46187586,46190581,46194185,46206551,46207401,46211861,46216755,46219009,	PCB3_HUMAN	9887
BC012061	chr21	+	46126527	46219010	46172849	46218262	13	46126527,46172763,46176154,46177146,46177552,46185910,46187457,46194143,46206475,46207341,46211808,46216585,46218225,	46126651,46172918,46176178,46177179,46177669,46186042,46187586,46194185,46206551,46207401,46211861,46216755,46219010,	Q96EP6	23230
BC005159	chr21	+	46276220	46281604	46276220	46280560	9	46276220,46276886,46277314,46277808,46278516,46278773,46279082,46279675,46279946,	46276248,46276923,46277323,46277942,46278626,46278957,46279266,46279705,46281604,	Q9BSA8	26856
X15880	chr21	+	46276886	46281604	46276886	46280569	9	46276886,46277314,46277808,46278516,46278773,46279082,46279675,46279946,46280687,	46276923,46277323,46277942,46278626,46278957,46279266,46279705,46280632,46281604,	CA16_HUMAN	3102
BC022236	chr21	+	46277752	46281603	46277752	46280569	7	46277752,46278516,46278773,46279082,46279675,46279946,46280929,	46277942,46278626,46278957,46279266,46279705,46280916,46281603,	Q8TBN2	19636
AY029208	chr21	+	46388011	46409404	46388032	46409108	27	46388011,46388534,46389359,46390563,46392427,46392564,46392932,46393206,46393325,46393955,46394429,46395169,46395585,46396343,46397070,46397616,46398111,46398663,46399051,46399430,46401206,46401440,46401821,46402020,46402340,46403058,46408509,	46388147,46389133,46389380,46390629,46392481,46392609,46392959,46393233,46393370,46394009,46394492,46395232,46395675,46396406,46397133,46397679,46398174,46398714,46399087,46399493,46401269,46401476,46401867,46402173,46402793,46403097,46409404,	CA26_HUMAN	3116
BC002484	chr21	+	46392595	46409405	46401824	46409099	9	46392595,46399051,46399430,46401206,46401821,46402020,46402340,46403058,46408509,	46392614,46399087,46399493,46401243,46401867,46402173,46402793,46403097,46409405,	Q9BUM6	27422
X15977	chr21	+	46405750	46406357	46405750	46406044	1	46405750,	46406357,	Q14048	10833
AL096746	chr21	+	46407269	46409404	46408424	46409108	1	46407269,	46409404,	Q9Y4S8	36165
AF289022	chr21	-	46412823	46432123	46413009	46432079	15	46412823,46413470,46413794,46415063,46415435,46421972,46422373,46422821,46426674,46426943,46428113,46428447,46429462,46430704,46432025,	46413050,46413609,46413890,46415202,46415479,46422134,46422503,46422883,46426806,46427081,46428293,46428536,46429591,46430888,46432123,	FTCD_HUMAN	5286
AL136871	chr21	-	46437711	46460943	46437934	46444945	4	46437711,46438471,46444863,46460911,	46438261,46438623,46445214,46460943,	CU56_HUMAN	4286
AK096769	chr21	-	46465006	46470313	46469032	46469833	3	46465006,46467631,46468436,	46465377,46467791,46470313,	Q8N8I2	16614
AK098352	chr21	-	46465684	46505261	46466539	46467016	2	46465684,46505240,	46467399,46505261,	Q8N7J1	16293
AK092334	chr21	-	46465687	46470287	46469032	46470075	4	46465687,46468436,46470027,46470212,	46467791,46469789,46470093,46470287,	Q8NAP6	17354
U22526	chr21	-	46466803	46505319	46467659	46505301	22	46466803,46468436,46471046,46472231,46472757,46482391,46483227,46483983,46484806,46486109,46487243,46489580,46490293,46491735,46492240,46492944,46496031,46498409,46499185,46504107,46504989,46505287,	46467791,46468515,46471217,46472312,46472823,46482497,46483324,46484133,46484857,46486181,46487300,46489608,46490391,46491854,46492349,46493080,46496128,46498531,46499294,46504246,46505155,46505319,	ERG7_HUMAN	4994
AK001370	chr21	+	46505786	46528257	46526204	46526573	4	46505786,46506882,46517389,46526141,	46505822,46507083,46517575,46528257,	MC3P_HUMAN	7160
AF426262	chr21	+	46505802	46519555	46518821	46519112	2	46505802,46517392,	46505919,46519555,	CU85_HUMAN	4299
BC004497	chr21	-	46511688	46528132	46511832	46528132	9	46511688,46513384,46517366,46519357,46520020,46521362,46522862,46523183,46528084,	46511982,46513535,46517573,46519487,46520278,46521753,46522960,46523442,46528132,	Q9BSY5	27020
BC013285	chr21	-	46511688	46535626	46511832	46535626	13	46511688,46513384,46517366,46519357,46520020,46521362,46522862,46523183,46528084,46530947,46531331,46533344,46535494,	46511982,46513535,46517573,46519487,46520278,46521753,46522960,46523442,46528238,46531082,46531400,46533542,46535626,	AAH13285	1098
AJ010089	chr21	-	46511689	46561878	46511823	46561842	28	46511689,46513384,46517366,46519357,46520020,46521362,46522862,46523183,46528084,46530947,46531331,46533344,46535494,46537348,46537835,46540672,46541876,46542480,46543537,46546956,46549116,46549943,46551741,46554082,46556548,46557052,46560170,46560623,	46511982,46513535,46517573,46519487,46520278,46521753,46522960,46523442,46528238,46531082,46531400,46533542,46535647,46537462,46537967,46540773,46542079,46542722,46543698,46547119,46549385,46550141,46551881,46554273,46556693,46557131,46560394,46561878,	MC3A_HUMAN	7159
AY040873	chr21	+	46562939	46574279	46562939	46574190	5	46562939,46563425,46567889,46572717,46574094,	46563293,46563679,46568018,46572786,46574279,	CU57_HUMAN	4287
BC022828	chr21	+	46562944	46568497	46562944	46568045	3	46562944,46563425,46567889,	46562971,46563679,46568497,	Q8TBC8	19554
AY039243	chr21	-	46577148	46594762	46578554	46594627	8	46577148,46578552,46579040,46588011,46591271,46592029,46593763,46594567,	46577281,46578710,46579132,46588123,46591436,46592103,46593824,46594762,	CU58_HUMAN	4288
AK098098	chr21	-	46577862	46594713	46578554	46591562	7	46577862,46579040,46588011,46591271,46592029,46593763,46594567,	46578710,46579132,46588123,46591605,46592103,46593904,46594713,	Q8N7N9	16334
AK024009	chr21	+	46600696	46626356	46600784	46623335	9	46600696,46602932,46610952,46611158,46622683,46623278,46624012,46625567,46626239,	46600838,46603145,46611119,46611324,46622764,46623537,46624068,46625742,46626356,	Q9H848	30243
BC035913	chr21	+	46600706	46640130	46600784	46640130	15	46600706,46602932,46610952,46611158,46622683,46623298,46624012,46625567,46626239,46627984,46629659,46630542,46632008,46633530,46640036,	46600838,46603145,46611119,46611324,46622764,46623554,46624068,46625742,46626376,46628096,46629882,46630624,46632183,46633748,46640130,	Q8IWJ7	13171
U52962	chr21	+	46600732	46722289	46600784	46721871	48	46600732,46602932,46610952,46622683,46623298,46624012,46625567,46626239,46627984,46629659,46630542,46632008,46633530,46640036,46643140,46643231,46658250,46662388,46665298,46665755,46667226,46667720,46673820,46674569,46674790,46676145,46678106,46678886,46687744,46689392,46692624,46694759,46698525,46702386,46704177,46704950,46706565,46707062,46708084,46712458,46713533,46714718,46716637,46717409,46719051,46720364,46721248,46721838,	46600838,46603145,46611324,46622764,46623554,46624068,46625742,46626376,46628096,46629882,46630624,46632183,46633748,46640491,46643198,46643696,46658397,46662540,46665441,46665988,46667389,46667933,46674050,46674686,46674811,46676352,46678277,46679039,46688623,46689548,46693395,46694862,46698680,46702527,46704351,46705146,46706788,46707213,46708771,46712703,46713636,46714892,46716757,46717639,46719128,46720503,46721376,46722289,	PCN2_HUMAN	9906
AB007862	chr21	+	46640110	46722320	46640299	46722320	33	46640110,46643140,46658250,46662388,46665298,46667226,46667720,46673820,46674569,46674790,46676145,46678106,46678886,46687744,46689392,46692624,46694759,46698525,46702386,46704177,46704950,46706565,46707062,46708084,46712458,46713533,46714718,46716637,46717409,46719051,46720364,46721248,46721838,	46640491,46643696,46658397,46662540,46665988,46667389,46667933,46674050,46674686,46674811,46676352,46678277,46679039,46688623,46689548,46693395,46694862,46698680,46702527,46704351,46705146,46706788,46707213,46708534,46712703,46713636,46714892,46716757,46717639,46719128,46720503,46721376,46722320,	BAA23698	2699
AF490768	chr21	+	46735598	46844863	46735686	46844177	38	46735598,46761311,46767154,46773542,46775136,46780915,46785811,46787983,46805650,46808681,46810078,46810558,46811139,46813778,46814000,46815037,46816431,46818310,46821691,46822435,46823469,46826325,46827097,46828188,46828378,46830723,46831129,46831376,46832536,46833493,46834139,46834777,46837276,46838302,46840412,46842267,46843114,46843924,	46735777,46761383,46767274,46773662,46775388,46781044,46785931,46788173,46805738,46808792,46810202,46810668,46811242,46813843,46814094,46815157,46816546,46818450,46821828,46822516,46823597,46826440,46827299,46828298,46828459,46830847,46831251,46831488,46832646,46833624,46834308,46834948,46837338,46838360,46840487,46842442,46843238,46844863,	DIP2_HUMAN	4577
AF432263	chr21	+	46780867	46821760	46781025	46821760	14	46780867,46785811,46787971,46805646,46808681,46810078,46810558,46811139,46813778,46814000,46815037,46816431,46818310,46821691,	46781044,46785931,46788169,46805738,46808792,46810202,46810668,46811242,46813843,46814094,46815157,46816546,46818450,46821760,	Q96NX2	25570
AK098236	chr21	+	46780934	46822859	46781025	46822561	15	46780934,46785811,46787971,46805646,46808681,46810078,46810558,46811139,46813778,46814000,46815037,46816431,46818310,46821691,46822435,	46781044,46785931,46788169,46805738,46808792,46810202,46810668,46811242,46813843,46814094,46815157,46816546,46818450,46821828,46822859,	Q8N7L2	16313
AL137672	chr21	+	46832073	46835661	46834260	46835097	2	46832073,46834777,	46834308,46835661,	Q9NSX6	32011
BC046176	chr21	+	46840337	46844925	46843173	46844177	4	46840337,46842267,46843114,46843924,	46840487,46842442,46843238,46844925,	Q86X66	12082
AK095880	chr21	+	46865927	46868100	46866154	46866574	2	46865927,46867686,	46867679,46868100,	Q8N918	16788
BC001766	chr21	-	46875516	46881628	46875917	46878970	3	46875516,46878832,46881567,	46876058,46878971,46881628,	S10B_HUMAN	36983
U79286	chr21	+	46912206	46928872	46913505	46928560	7	46912206,46913449,46920088,46920859,46925011,46926128,46928359,	46912317,46913544,46920193,46921042,46925173,46926293,46928872,	Q99781	26382
BC000727	chr21	+	46912227	46941484	46913496	46940872	12	46912227,46912992,46913449,46920088,46920859,46925011,46926128,46935298,46937386,46938353,46939936,46940848,	46912317,46913101,46913544,46920193,46921042,46925173,46926293,46935474,46937516,46938490,46940108,46941484,	ANM2_HUMAN	2338
AF059319	chr21	+	46920087	46935984	46925026	46935473	5	46920087,46920859,46925011,46926128,46935298,	46920193,46921042,46925173,46926293,46935984,	Q9H3L6	29230
